id,x,y,z
27018022.0,51.060090489792515,-68.14614559346681,4.501442398831939
19877258.0,-13.83657934663191,-2.6396503045868567,13.985981068797507
18921533.0,9.381198318694494,-69.72773341084341,-28.102391542913786
14694741.0,4.83316532908472,-42.320727382446314,23.67988204853901
61976073.0,23.13516477622307,-50.48571644120192,-16.403745931886483
64771922.0,32.205913732211954,-53.32256506300184,25.78579349768176
62953290.0,47.25661826939998,-38.35594533328718,-28.08935218163832
19485633.0,44.86551766473911,-21.482500465637244,1.780276541233527
27264785.0,37.293195777342405,-37.92169288317353,18.640430767634165
56132822.0,-38.60436543588969,-8.318181869075934,0.7424714118187552
17254875.0,3.742220741837623,-5.8915241799591005,-8.667990857003943
61921896.0,35.33212448290099,6.739185264851447,-0.017086007617775678
20768804.0,-26.669788712995768,2.10972397647908,17.115362824903084
25884016.0,-37.05533586026226,-21.930749374162986,8.34619091734704
24621209.0,22.44836858167113,-51.56747943807365,-16.94750978260671
27284792.0,-5.830350223531851,-11.084972121314431,-0.4654660295419488
54436685.0,37.26893019914829,-37.77644824287655,18.6911084402021
61971814.0,22.4473553759729,-51.46110006374242,-16.90745978507723
20304458.0,27.584590674306185,-17.389064506271758,-25.527653840304005
28686197.0,-36.30682421988102,-15.254245444151998,-6.635769791276905
49801395.0,42.47878635203134,-19.181627044637775,6.6807799569981245
53813279.0,49.67008592273238,-43.042635163781355,25.696276818612883
53221949.0,51.50296715184279,-27.604972125937234,-24.901608433844068
50470880.0,9.605251712528352,-69.73771832694224,-28.026910202610168
15273270.0,16.42798307714381,-45.508369913727854,23.89859600189604
26153382.0,-34.65117532877644,-29.403094608317392,6.585557664153697
53228623.0,26.877411370624973,-79.38932711184722,-10.129782285954432
51871456.0,44.80590042342865,-21.50360220961127,1.8001197030729497
59949249.0,-32.67641847806821,-46.14367920158067,10.951590693149544
54417980.0,35.7792823893975,-47.335101701391636,18.66669574088353
53825219.0,51.05579014560008,-68.09333154278784,4.530684287343216
51274883.0,27.89039802737775,-53.08240801016905,-12.73857913053175
61598241.0,38.0074768699311,-3.196882765981221,1.4739556492711854
49644695.0,-26.066339137626663,-3.1529846470353124,5.9660997780069716
49645136.0,-23.385178351934677,-1.7466462646667176,6.889700513546656
58536902.0,50.049532771564735,-3.17831875948662,12.108202844730735
49649855.0,-26.088658450529323,-3.1304916773948506,5.762373920840272
28436526.0,-35.22451767496577,-26.083681772968042,-6.931366065451384
49799517.0,42.462701140981615,-19.379946872504718,6.632247487873715
61920006.0,35.336995023547516,7.385262440828798,-0.30320792256128337
24622993.0,22.341664418080434,-51.593335157613474,-17.023418981947025
53859942.0,42.37499618239541,-57.12347864083783,16.34394608765008
50540124.0,53.36457496352613,-17.674985657833854,16.82077794005192
12701356.0,59.22746410527431,-12.181909439985642,-1.1235514288568824
61977355.0,22.266170473063973,-51.5094355154243,-17.053515190069973
51878683.0,-28.80894287541994,17.35877094742985,10.203311682823
57257126.0,33.74002894244888,-81.40432089205973,1.867709664314516
56213611.0,39.45201270478043,15.69154476840195,-1.4798085347856085
22101430.0,8.899869206358513,-19.417670969614107,6.968809986856053
56766720.0,35.91134493301108,5.169292273427955,4.3005642891374745
50469897.0,9.43705222478047,-69.71547365463957,-28.078627814044733
60030947.0,13.49461674827413,-79.79590404150412,-14.89462920851106
60886955.0,37.05747570772807,-5.567436402004517,1.8470648797247353
16749732.0,52.90688632914746,-8.818568955500384,10.591703120869262
49680978.0,-26.061372158713425,-3.1337413905328804,5.901923716857525
27466971.0,6.685713690019399,-72.47676777919901,2.223930535222495
57307913.0,15.028068312210156,-76.07151939230187,-26.622520833341188
27389951.0,40.646956592151774,-21.716815628446735,4.955130774628412
16466932.0,-31.317880687150957,-27.7340843750519,-13.630057950545224
58716291.0,53.40121598246061,15.964284032980409,-9.848198024772945
51234797.0,-29.039714277016703,-66.65945287651596,19.71598835909229
57781373.0,-12.45709803104926,-11.268592175848806,-25.605273079474774
21656579.0,-32.877775370577005,-46.233191563480155,11.597309783391093
60034319.0,14.536508784818828,-79.52981700179669,-15.238218144363712
54395194.0,44.40078789685142,-51.561691777409656,-25.878776488950837
26760205.0,-24.136546704162793,-3.1137871639877996,0.9687372978803417
56102786.0,-35.2624824385558,-6.580666636470173,-0.06204078036134453
50513801.0,46.295474307581244,-39.23380258502663,-12.159562133044645
61915091.0,35.450167535803196,6.713361175492818,-0.018252564656485948
62021353.0,33.14550423627789,-55.34463221683696,-8.914914964853748
53190205.0,-4.263724475368805,-6.7890616116281075,0.6669676241257688
60029832.0,13.682565461978173,-79.10635861525108,-15.125501577185904
63004585.0,15.397788748480602,11.095587830428226,-24.34417674842292
56113532.0,-35.58606111829225,-6.633088559985145,-0.04682601463813407
60026213.0,13.460545017832533,-79.78103008738877,-15.052866659446954
50571335.0,22.67080508692794,0.1903002640550171,20.788759242870945
61966596.0,19.639697258080165,-50.65514883393453,-16.63122699548264
55516237.0,42.57608149056996,12.076957852927526,-27.90133118244136
53844009.0,-38.468984103568324,-24.131758350373012,9.774465172960019
9329894.0,-34.471520092522255,-42.22179603474755,9.797962304165907
51870266.0,44.7242988501771,-21.53670208169228,1.7105671648001914
24366487.0,37.863148663041,-5.573246839935887,1.9475866376349886
56113298.0,-38.76545703616413,-8.456902301597546,0.5318716290067123
54388327.0,19.082058882861148,-75.33932901739709,28.987501755709886
54989685.0,-24.46180536077119,1.1120825765237328,14.290507610380528
15335429.0,-16.93306214335681,-3.1314360360354074,6.29269611186738
51262132.0,-34.359716455613125,-28.731297167972407,5.591017699772621
61916454.0,35.24887450440002,6.606792726684918,-0.05822728462043747
58482930.0,11.26869093743732,15.67163046387239,10.61272980080104
61974320.0,22.270058111824454,-51.425772368369515,-16.84551677143474
53807279.0,21.263060603493944,-54.73638529532554,-14.922981306077393
50539465.0,53.6723556825827,-17.604178633696513,16.61794144872247
55581584.0,43.01705359786266,-33.89677240618678,20.722338421273413
26859095.0,55.14420549438214,-16.833883701495097,-2.7969862390653955
62947979.0,47.321875670728005,-38.02408489322642,-27.759603530063217
55002641.0,-23.722248850514994,-56.296388054783066,26.041216275636145
53864832.0,44.868683502921556,-48.057609468490426,-26.917373038677695
59043690.0,-32.800964996430885,-46.42661590188277,11.719114045073704
50551088.0,-36.95228029949895,-22.014756199193386,8.316358867583899
18444900.0,56.56558956844897,-9.723382544796488,12.025625421030202
54468854.0,-2.915693383458353,-54.45533619321314,8.177348330905168
27878748.0,-36.62248937018784,-59.76955519166646,24.773173023990488
28921267.0,37.360266826652214,-39.051133656865694,14.828591265203325
25756461.0,44.594021585159936,-0.3480355309964313,-1.3987489906257657
13935155.0,-23.027525106090014,-1.0426690524438418,6.950534307910332
53865323.0,44.74366792206215,-48.16990097652516,-26.30674530589063
52537013.0,-7.317807396843037,-75.05485127568966,-25.517167275945244
58684956.0,-7.607566712820832,13.822325570194657,17.932698077698355
53856086.0,22.77991923653611,0.7804825008451087,14.83761589045053
64753073.0,38.94949793573303,-79.99298544481879,7.680680668601125
60023882.0,13.373099992778172,-79.58538055673385,-14.977263169912698
56131863.0,-35.27303353961256,-6.527222584935756,0.39078422753489894
62951036.0,47.374221620119606,-38.37896672847924,-27.948478957596514
50525955.0,17.659820661558683,-40.97983055485177,-0.08118257926159345
63026753.0,-28.69588269621771,-4.430681216978863,-2.288628516801575
51274547.0,28.06680714889686,-53.289185333415254,-12.985850932652383
55528842.0,24.35078307813991,-78.05845064815205,-11.115833407166981
59944294.0,-32.768714660543566,-46.530902443756744,11.938076403569681
58536601.0,49.99809657181778,-3.059491986263647,12.016059022219359
59943140.0,-32.26669862331519,-43.75765055914133,10.721410570796944
53227055.0,26.83170884766858,-79.40871849233972,-10.046702141303225
24198039.0,12.419388620000554,-79.95851128367414,-17.28980459801251
56737454.0,-31.069720239677572,7.24220549154928,8.690455074407815
64721580.0,-27.557418415155123,-4.322887805847932,2.3339788229720964
55597459.0,-10.409943795332428,9.83400401248409,-8.435279521137323
59945711.0,-35.44553000872339,-45.063184909358434,14.56067042624731
64769636.0,32.07941441588918,-53.30382551931219,26.00409749224479
29447882.0,-6.05566889932022,-73.51823617516177,-27.158576272937935
56111500.0,-35.64661742490091,-6.895261422194004,0.06096883580366974
57765128.0,-35.22694771128231,-21.250992481418916,2.805256782929102
56220242.0,-18.510652877409576,-22.309276306927316,-29.709296534036717
64723469.0,-27.48726411099377,-4.366517933026816,2.1905231726999967
50536120.0,53.57599715251976,-17.642116818538778,16.787511955014054
59940848.0,-33.042939155381994,-46.326225621985515,11.89574421858904
58513876.0,56.59384743157702,-30.77632283852864,22.84086579728606
54446027.0,-5.254419311022257,-11.14920416822907,-0.7049982239647886
58660487.0,-15.4320792822737,-15.645521692436878,-13.05931508966893
49627582.0,-30.808026759549634,-0.17865476953669734,7.259080878796361
50570384.0,22.738025366326717,0.12290232931222578,20.66680424733999
53844596.0,-38.36210047039702,-24.438053424529073,9.702786221745258
58479898.0,50.98427887565856,-28.86746828712152,0.39656184036510833
54378723.0,26.25982915491202,7.246129889992635,-7.18224636614862
8469873.0,15.990391743621046,-40.538679553844105,-10.272358638132744
22102793.0,-35.89461023673078,-17.278918102296153,1.6303323845267406
51869947.0,45.0319639303372,-21.496240469956753,1.7556937935890575
59940277.0,-33.94966138247663,-46.054169644332234,12.383795912676774
63864024.0,-6.447332727303218,-3.4722163421085943,17.69623131215817
61964987.0,19.47643100715118,-50.5837499551611,-16.59894660057351
58532556.0,-30.71654116093527,-33.029681544108826,-18.659851499414998
54402733.0,48.81665766708874,-15.783361672775547,-25.523592925618374
11192383.0,-43.393736650511386,1.5817333347354539,22.679949205280778
60975667.0,-31.489799751025767,-3.087449938028418,6.648379817128735
52536423.0,-7.108004164786605,-74.79967214224607,-25.77663541489424
49640960.0,-30.22776043403893,-0.4239243234113397,6.839367626967871
14406127.0,9.318305897492607,-47.146701060685636,2.883664499593917
57773718.0,49.90509092585762,-1.9161203720076472,0.5487484270292553
15219486.0,45.215756247774884,-0.15640570687427524,-6.709543253667403
64768167.0,32.14741640635434,-53.30215795452003,25.85788688392432
56112925.0,-39.5445733022134,-8.278189587674532,0.7493502738450513
51225375.0,59.413129475640524,-11.850965334156818,-1.7964283901506501
62024249.0,33.13612491643955,-55.26233427937231,-8.95905518883863
56106143.0,-35.64676030028737,-7.042891355514142,0.07202633478289933
58555673.0,31.22157706560373,-40.00766578875557,-2.682788236537407
63027139.0,-27.962578551224308,-4.6293124923597695,-1.8857679723782557
59938661.0,-32.93009683734527,-46.05591690799747,11.509480962809727
29004949.0,17.918648164827992,-45.45771046122039,-2.9534627426580053
56108925.0,-35.91321366727139,-6.260236687321769,-1.3671287887957264
28198297.0,8.17779261227092,15.16423099488517,13.454371397117859
54402335.0,49.06203847957775,-15.87539547387779,-25.42195554264387
29589036.0,44.15986131078634,11.58220015076697,-13.162232704531485
56799808.0,39.66490287413053,-25.314514044775493,10.683927492394822
57775246.0,34.065233393909445,14.146243169687157,-18.1196462651404
57292105.0,20.221992435146735,-83.45300912503482,-17.110171150070112
8665384.0,47.91709242115765,-82.76486622121267,-4.704314890598818
53227466.0,26.822157492667145,-79.42714041214518,-10.111089438808857
60025400.0,13.702046860126032,-79.41905686815198,-15.126766506011093
49633741.0,-26.19523737356323,-3.524020995914279,6.115196259632153
64722277.0,-27.65935368759676,-4.328738369753584,2.5623270432722176
52561145.0,13.66323787326236,-65.62718451898165,-25.83143291558889
31051722.0,-1.3406674669457093,-61.57365013269321,16.36559684181269
56213330.0,39.231441341249884,15.465787636753392,-1.1902999125027889
49821779.0,-1.153800425900914,-75.09313336957906,-29.233256322780424
15521051.0,5.100241000507626,-11.01023716798155,-14.815502234238803
58941049.0,28.557992363299263,-11.53670429295313,-16.801560342545706
52579477.0,-39.031271056389016,-56.701651869570256,27.07033206080858
61971300.0,19.070539148936234,-50.6046226607394,-16.547455966875148
53194753.0,-24.09783147310815,-2.995746856349194,1.1403139619287188
10271007.0,22.30169237244504,-83.9951060094504,-12.787574234898614
56117739.0,-35.406570015869086,-7.107897207185778,0.2500699191871463
49640290.0,-26.073525766118095,-3.3307047414229185,5.9327463562516565
58319060.0,30.569150710701763,-8.216695189791784,17.101992010311776
55581406.0,42.70929823773544,-34.32235974046152,20.95791517290625
59044122.0,-32.77485354978232,-46.623559603415615,11.627877107337623
8726254.0,18.20803421802799,-18.19864441024745,-6.130287579343952
64739497.0,39.40428910613664,-67.20806775876859,24.11448752786959
55040114.0,38.72879983912337,12.424437590395483,3.9982366003079988
56104927.0,-35.188734428106585,-6.53882221345802,-0.19020415615397468
49622896.0,-30.814321979275633,-0.16328479377018668,7.1577464331939975
60023464.0,13.501875520773359,-79.01718743557882,-15.042675915014412
50481073.0,-19.59950606094523,-3.5508967135144296,3.238104923652899
55029295.0,28.34563807244417,-10.593815581337218,-4.445955070595134
58594043.0,46.53018529893971,-42.666110240691715,-12.734067371884482
58274423.0,-1.657890341729011,-62.882383208453135,16.449648546038087
64739124.0,39.39349363173025,-66.6510667761995,24.47416288699144
60027893.0,12.64958155601796,-79.24721756157867,-15.91181959732663
55560719.0,32.289453920466066,-35.196000014384815,-1.3120722807014094
53243902.0,18.079507660113986,7.31962810977786,-1.1558454600994974
60027515.0,13.127279690407425,-79.71496467504322,-15.275353270924699
61967232.0,22.63171047358113,-50.85020474293378,-16.78923229439097
50524937.0,18.270133117923276,-41.06199386853038,-0.49621683388711446
56112495.0,-35.25933097636686,-6.7945915835689235,0.14833910477225976
49634129.0,-23.620508034378943,-1.9461962505964778,6.280855283100432
55036423.0,-39.74307776795445,-26.643775634524594,11.620501234103582
56234496.0,61.14269035897987,-82.29341157712317,-26.326819513812378
61966255.0,23.100488822843936,-50.75153619862557,-16.697551654877845
10421525.0,-22.185327168399272,-5.982484284625093,-3.987932052163813
54985222.0,44.497302954520734,-15.356304374867047,20.093013179760355
60031709.0,13.738404715976449,-79.98876754760943,-14.80682122854153
63002825.0,15.608108169857823,11.358303166938299,-24.202995363708244
51273420.0,28.224814802873734,-53.35906427758766,-12.376405287608405
56104583.0,-34.77140460014299,-6.307590401357207,0.28503693736090163
56116195.0,-33.31600225963276,-5.48721280348045,1.5923255660758722
59065996.0,12.275571346934203,-21.037488056571075,5.2725442518298635
56258864.0,-6.368072834834718,10.800838347770357,-7.956966314853082
49621514.0,-30.8223348528666,-0.23764872010354532,7.238780735295649
54982520.0,40.00586957127214,-71.67908773231886,23.835220599553878
58335133.0,14.501307350178374,11.841042171647567,-14.088276585902747
49641930.0,-31.204795231402407,1.4089923785539866,6.771751631926101
59040871.0,-32.82352202677697,-45.89756918852181,11.71238478887812
58283043.0,-16.186357884673313,13.68551397685888,-10.966175928077721
53237926.0,55.156809706786035,-16.910755193619057,-2.7903949802846997
49633041.0,-30.455167219011997,-0.2549342982424956,6.878847056518553
27198987.0,48.94083971182959,-15.82178384747698,-25.445758388019733
55001575.0,-23.411481628818045,-57.296582905600054,26.680979990408204
17792937.0,25.566972867251867,0.6961267333675951,28.982601383233213
52592430.0,57.33953099168015,-9.594811214150097,11.001595850047165
60881658.0,36.98144941833921,-5.4640581278566,1.777740494426634
59042446.0,-32.448805958851835,-46.03052643164136,10.738020284880882
49736333.0,14.015636471149941,-47.21150394407706,-4.133746086896531
10499781.0,4.948522457907098,12.883985367483561,-3.438490294549574
59041721.0,-32.79997229023903,-46.45290381470551,11.69722218222833
49736826.0,13.855268361702576,-47.27678117213664,-3.927348260488075
55521920.0,20.18579215779945,-69.71453146639561,-11.827561087035605
59042033.0,-32.63273930690209,-46.31826529752901,11.501811602996453
49625362.0,-23.67087335085148,-1.8739277136170318,6.6496888344328315
63025578.0,-27.542475864353626,-4.568031417707044,-0.9340413375332226
52599277.0,15.654982943819634,-85.0729772443366,-29.552832869227412
61917885.0,36.14841615044551,8.052313261025368,-0.4440563128776187
58686244.0,-29.589333420488263,-22.605853291750652,5.120083316331908
52552490.0,-24.79134365587418,-9.100004553289985,-19.793395038358888
10241991.0,-33.51048155099394,-49.59904068559429,-27.058689012919054
54948035.0,-34.96403881217424,-24.88126376394735,4.109828716782878
54363274.0,13.648472258667484,7.907058889229205,-7.9869022953815065
52560628.0,13.654524974222799,-66.00787321291429,-25.93872874096982
54990122.0,-24.676614233259013,1.0062928331112944,14.176922635589674
49628149.0,-25.7667032528742,-2.8645133597976566,5.824076076386211
2556333.0,23.593782446853417,-36.639790143250686,0.8267682648264225
52599658.0,15.573356573568791,-85.09643028110139,-29.6860000682025
56105651.0,-35.80957099857364,-6.972462830969957,0.10308256325747411
58288145.0,22.373839354162183,-51.1821897171298,-21.663149489581986
50557950.0,36.094452953087455,-32.26807345574675,20.495445529859182
56261137.0,-9.54732201640391,14.147633508239966,15.321697099382561
58265904.0,21.57747929169199,17.256845476840837,19.918693777804002
59180739.0,-35.903035378412646,-42.44277388278442,16.062809158425935
54458252.0,-8.527453729722641,-5.284679346833394,2.2143981252715905
58934842.0,-22.98371505302855,-40.3650345231411,12.918069685981287
63861277.0,-7.691887939971441,-2.344287270834803,17.450380283051516
54403791.0,48.75371622980609,-15.845334815862973,-25.50478018925016
19924758.0,18.86543567641281,-76.51203875412081,-15.417982882934268
20707194.0,-38.39844298663158,-24.172963367017857,9.695636217543719
62946969.0,47.271779728139734,-38.38585298744316,-28.270849489058477
51921208.0,34.83505594415739,-30.24297676951639,21.98673885215827
60027215.0,13.80878492615527,-79.40795518949474,-14.621833161352287
61916031.0,35.41561141007489,6.705926399110664,-0.09052091330094436
49777751.0,-3.1021577644753324,5.72838276577071,-1.8144867960912827
58494457.0,-37.552575857390316,-36.1445516439499,24.352504655190852
50490797.0,45.01493319797502,-0.6279957545543164,-1.3339439573579952
53811242.0,50.00949673868121,-42.72985812435805,25.6885489806515
56274787.0,-28.289460630489906,-20.924473812984996,5.060887833213636
60032593.0,13.25107526735824,-79.66875707022874,-14.30570313008529
56109788.0,-35.286715079437805,-6.842499050114923,-0.023161883018320673
52542892.0,-13.831059643796513,-2.6350220995105316,14.055331744038492
58877301.0,53.62110468462466,-73.38717914914484,8.945510954602334
58741583.0,37.14112730104391,14.736814565589977,-1.143610653691554
15672367.0,55.41289601729446,-8.332284027775266,20.00434721939422
64768943.0,32.19042541304858,-53.719351899656154,25.422834051869486
64753734.0,38.881240010295144,-80.24858382838991,7.887609592083947
63002149.0,15.80832439740983,10.991547792961299,-24.632494770279234
58606546.0,13.51118066193405,-52.25223840584876,-18.833876333496853
53854847.0,22.67042577083872,0.8260138124490854,14.8537693284189
51262740.0,-35.16294612463632,-29.424077156524767,5.450101679016344
2764806.0,34.444429503492344,-27.151167206537714,2.7631960613527164
51921357.0,34.61558350901074,-30.14070241655113,21.950303265854004
60026947.0,13.473888442809772,-79.53197539123528,-15.1020133134609
60024959.0,13.408860517106216,-79.88046607205126,-15.28928359914275
50491792.0,44.611081415324655,-0.2367985338100344,-1.2492364742878292
56107300.0,-35.29157640102923,-6.631360033941094,0.007899327226854158
58808699.0,-32.92137650549603,-13.267777252129548,2.9028348038346943
56110501.0,-34.55760693163739,-6.2517572031348765,-0.0044224744723178055
64753548.0,38.81550680756365,-80.73518263342075,8.056538783124518
49629162.0,-25.522474888601693,-3.1415725600498474,6.697029068983974
25786051.0,30.507396113014774,-46.390020626131054,-3.032751635500622
55001232.0,-23.378967581812848,-57.332149032730285,26.89764768642516
52566289.0,19.359702042448518,-76.2907783652587,-15.436313939244151
2577389.0,18.14246532271878,11.082160852188427,-16.037125567451447
59042907.0,-33.03968178572344,-46.82861686989189,11.666833497308927
54445046.0,-5.739295723566253,-11.222854642453564,-0.5320882469797404
62025151.0,33.098878320293835,-55.06871189075379,-9.232940099022116
57305776.0,-20.838311488022164,-6.697382813712885,-4.703972909925649
53865228.0,44.87055655794172,-48.21206347651846,-26.629357118926336
56756432.0,52.64532907034234,-19.27629169849309,-25.12411139276117
8422816.0,-6.961211798439182,-11.143534584612157,-12.722892723698708
52579811.0,-39.02428801258143,-58.64576834256946,26.018946753971598
54394859.0,45.11416433017992,-53.026199307303806,-25.828999471604785
56102444.0,-35.806646868288944,-7.015072850869599,0.12591245109601257
992372.0,8.492109559068355,11.112400346466382,15.845089455563095
54457794.0,-8.418823048744178,-5.6829800489450655,2.3151837530441237
16915406.0,58.278038937541666,-38.649640497637336,-23.78901480180474
57247356.0,13.682480631290812,-73.67640973420006,-21.607447826198836
55029751.0,28.325569578939685,-10.407738217683844,-4.404644170759007
60884711.0,37.50924747848841,-4.343021643186742,2.982636285915583
54373224.0,-37.502361693247316,8.882104555754102,-7.258955894226876
59227556.0,-25.747467130185527,14.597084073376282,-7.7215726360843515
52543429.0,-13.545948836907506,-2.433651758188039,14.568673286051958
49628556.0,-26.32883353019196,-3.869955289307157,5.820618584249574
56111893.0,-34.737636755962725,-6.6018443907783055,0.01570571251278885
54393791.0,45.28277986794307,-53.00026526452889,-25.958802629714256
60021189.0,14.034303888657503,-79.76636568762262,-14.968448619109337
63027599.0,-27.18842599536018,-5.017161450218475,-1.3827823710158036
54985078.0,44.62557120803948,-15.032790079828532,19.886365144490295
61915419.0,35.18114995860181,6.730459590497849,0.10772061276635947
54421948.0,-39.36100613905613,-54.43426614026383,28.28223993244218
58335481.0,14.507485092788368,11.819861291828412,-14.011774092745132
56123770.0,-36.07539297801979,-6.7569888376860385,0.3874585094266485
57815432.0,57.786326221815564,-24.902764128022813,-15.44455920136842
58503393.0,8.697070964406866,5.311237339591958,-7.926937842635465
10629557.0,39.85105598075852,-7.4349400594963635,3.742307436368815
60023707.0,13.892506853151769,-79.41194690787223,-14.249354557926015
56105437.0,-35.02468573705932,-6.5096856205333085,0.011728215532967212
12139605.0,31.203332909300187,-53.20954402938182,26.42652311130128
61917363.0,35.401012499145345,7.623438840070153,-0.14600439333083814
58347853.0,-0.647678704174434,-54.3913611720979,7.696238023665776
49777535.0,-3.046397362279077,5.6551934684849305,-1.7483530487097527
50548123.0,-37.037208619093875,-22.0138126437527,8.496726879744239
64753367.0,38.97222659381702,-79.98625460695946,8.008983151683882
49623887.0,-23.66536941214157,-1.3375290736309724,6.579777365182165
10950009.0,25.495908769651383,-53.106226138017995,27.43766735632089
2835378.0,-4.4814968860570845,15.474469367840845,-14.42261523698005
61917722.0,36.146490598092846,8.61579509189317,-1.0544272273665114
61915660.0,35.65844163078315,7.418827674006748,-0.695149227278478
10262458.0,27.213347400099135,-14.79800879309924,-27.949491391919373
49630894.0,-23.21583064789183,-1.3834776601293108,6.705376334368326
54448314.0,11.278880462385088,-70.20954563254799,-25.70990507461955
59043068.0,-33.8921221464119,-45.87848996899052,12.016685716118348
14551427.0,37.712633834107535,8.841485599866727,4.524987352467119
49799383.0,42.52331076898276,-19.248514851019046,6.64636872973667
17469218.0,14.491424689984445,-5.211580381639653,-14.421254554544042
60883615.0,37.173150613255224,-5.644478309253607,2.2851761514408375
51234415.0,-29.306663202763566,-66.54655920147371,19.575621278869363
58581591.0,-20.495316584002417,-61.14457544166179,-1.7113525295448069
58861587.0,-31.907989478483902,-52.283066328294375,14.07316572902852
60884522.0,37.553674301893004,-4.917548553010806,2.1346732172326446
54392742.0,45.095934055981154,-52.822336072702946,-25.76064771389721
50469124.0,9.702809209358744,-69.53160472334459,-27.790620248176154
64721911.0,-27.59502403947371,-4.15304472102764,2.5304136377232957
56722516.0,32.42387558694688,-73.50044955194612,-21.305252639967193
50481459.0,-19.127023557474235,-3.6484726806875427,3.2475602976811375
51878014.0,-28.76526186363088,17.01178586568392,10.444619288206377
58802235.0,32.321724425177905,9.220116390317255,-24.01971912797857
8861714.0,-26.41153334324346,2.101861775241718,21.40002990964978
55551166.0,13.972157138073662,-59.909626086692896,-8.575839359516522
49627493.0,-23.98420302807346,-2.9851062639288184,5.491279389668172
56108330.0,-35.69687048750675,-7.099869262695001,-0.06165306639026946
51214018.0,3.781658724125487,-5.987878063490367,-8.976441262028004
51920833.0,34.531197103704116,-29.99153784953628,21.923591341331424
51204295.0,35.53160483794403,-50.264707992153554,20.42790243900366
60729445.0,-21.8726435466817,0.00679920763948505,7.384566792203058
53787180.0,32.02636052305714,-19.88795048448842,1.8198011046974654
2295168.0,38.638845306685425,19.13218033460544,27.35036134123968
52560280.0,13.663628584749922,-65.71725610485609,-25.69398268317878
52560737.0,13.927698091790944,-65.64853480466958,-25.83912744655929
60024397.0,13.347205100285922,-79.2074129880761,-15.132470790141856
29912143.0,11.77167942467466,-35.6012177384413,7.73657691961812
57266220.0,15.053731619100569,-41.96946255067534,0.4033587725991419
49629317.0,-25.78483625061271,-3.14626636288362,6.232040737896318
15342393.0,1.2591167607799685,-81.18924658126718,-9.190023508446158
62022590.0,33.523007309639986,-55.3415863733437,-8.556705315243963
56110109.0,-38.21543127685778,-8.661494766224571,0.10769730098611952
61914907.0,36.01639090022758,8.251727897598439,-1.164266199151275
59041222.0,-32.246927549414664,-46.27660623643699,11.117065552045453
64768668.0,32.42430793727749,-53.42721811398172,25.69057475305974
51205021.0,35.194537064786424,-50.54890344206915,19.87594701447751
56107103.0,-36.06831099736057,-7.085350767772063,-0.3000866514696292
61915824.0,35.085186052296905,7.470221154384647,-1.0357798833710343
49625954.0,-23.69257201836652,-1.8582168441618938,6.650901364859521
57781148.0,-12.34846553528066,-11.516119356711679,-25.79909142636475
50568635.0,22.69953030217209,0.28758434601666116,20.696988698865482
56106715.0,-37.37428984305724,-5.112840588950649,3.289509811977812
16077576.0,-12.371512738331177,-11.461197204599985,-25.673346295787184
51890193.0,47.924916447588565,-81.42530008920714,-0.7134179438689205
53805721.0,21.314870965720065,-54.47184759490961,-14.64782332303738
59392560.0,-31.01334027448938,-30.6357723642956,6.934757926945555
51252586.0,55.249560686105475,-61.19429944989098,13.121917657834812
49622548.0,-23.966933160659924,-1.7367684070668323,6.563563025903355
58513301.0,56.55805474318109,-30.673903813500992,22.869683844509606
52559949.0,13.64855610199107,-65.54077976779757,-25.766835153939148
60025848.0,12.514577547259737,-79.94398724657648,-17.18787519468627
55528326.0,24.46024557814129,-78.00684638189102,-11.11070074475863
53805568.0,21.150460715816422,-54.53051413535635,-15.052051290922623
59041480.0,-33.40097266117024,-47.86474212782869,10.255992486418876
56740551.0,1.5140100980179438,-81.29659122255944,-9.096527586958182
59040507.0,-32.67698002875227,-46.1512961000758,11.652855554719974
54368106.0,-26.7689678796995,2.1096371410660053,17.10512060944136
53195110.0,-23.98879945459353,-3.184245418506183,1.08015118034094
58725840.0,37.50568235949114,-43.053728293416405,-22.829431436415483
2370233.0,40.380011258017184,-77.27865712843426,25.798792287407068
49624879.0,-31.35122789277698,-0.02234338028254146,7.743201830702972
50490934.0,44.720902961513616,-0.14084938682176507,-1.1456524137867525
2341180.0,-1.6977192478176149,-8.833450145400338,-14.0271494212256
62946886.0,47.62868448982452,-38.318267977147634,-27.979372601818554
55039927.0,38.66356029184968,12.391683423232877,4.043390848048458
56105884.0,-34.364176552500645,-5.953077461962269,0.7887652514350378
60026837.0,14.505607392794357,-79.22997230641259,-14.973783199344595
53787337.0,31.762314548109387,-19.60164931303466,1.7154920821342237
50524481.0,19.006352931983976,-41.7774253253462,-0.8894262314335402
60883704.0,36.47913205314212,-3.7689001529145805,3.606159948996053
3031947.0,40.29552086403658,-79.64636836580378,14.818882101756692
60837247.0,-36.18343906640042,-5.800756005424596,-0.22751451782851806
49629482.0,-26.136156186721294,-3.40007213723638,6.020973540260464
53238172.0,55.06000638622048,-16.809435889108702,-2.5288654555250307
55583996.0,20.80985650321474,-56.7013333953726,-13.108428990437924
52542657.0,-13.440614797919041,-2.689883331068343,13.925084206562055
64752874.0,38.50183538796229,-80.32597620705236,8.416493960015417
51261907.0,-35.217648527918215,-28.909101718697414,5.418393790582693
61965432.0,22.57822106848129,-51.624047711362074,-17.11134737166484
17547903.0,15.929019848150269,-3.2892068729513975,-9.709862170887508
58924872.0,-27.59091002096884,-50.90328841278462,20.58870867382054
53810875.0,49.6302456133608,-43.08970874633093,25.715991073154285
13943817.0,-29.345176339672996,-0.1106731676044308,8.767942775005377
55560240.0,32.174981186968935,-35.190963527286925,-1.4195688408947849
56104260.0,-35.36594094079553,-7.025111897022025,-0.0561794952162078
60028290.0,13.75775465565503,-79.6528395573524,-14.984235527594047
49624263.0,-27.814859249858852,-3.0170894789405915,6.719383914792697
56753616.0,22.611820302397593,-74.07407592036452,-12.252509479877343
63861611.0,-6.639992690452594,-2.3752735228692883,17.351837200095225
63026550.0,-27.2504010971111,-4.890417617206945,-1.035050566578085
15336080.0,-16.942093764377713,-3.155521212704369,6.242809365214988
63860701.0,-7.170181348860613,-2.384666924184843,16.52636976670235
49625561.0,-25.74267404934995,-3.288472127276078,6.46791717426764
50468495.0,9.313284607932445,-69.79667787442078,-27.974671448662495
60024237.0,13.336913230281677,-78.98436006442464,-15.065940273611524
53800840.0,40.67592717770915,-9.511940798513574,-20.901748550137107
63863382.0,-7.922466967017905,-2.7045970055153123,16.632709780918926
56108573.0,-39.2181061409063,-8.274252088901674,0.5869826391160262
57849649.0,45.05793860190193,13.7115339145814,-8.168512885430463
61914524.0,35.99647777043011,7.537593104283799,-0.3555820977964146
60022812.0,13.753023483037369,-79.1362389234439,-15.011473724371717
4504954.0,37.61615871950514,-4.739890512505841,2.5926576961242436
50524715.0,17.763200571537457,-40.3815103086229,0.5064553288811711
54965828.0,40.65643842772902,-21.675032950983155,5.013055792393285
58591667.0,32.33595061077198,4.5602407189740095,-1.1426512291409203
2928893.0,45.40415201772822,-76.86930896853674,-1.2605089341324476
56106879.0,-37.494336050237145,-5.281553059276401,3.2783034493180696
16393334.0,-11.263136402008897,12.892411385954539,-11.699870692318523
25756231.0,44.87576788414604,0.10526916772740824,-1.6047416933715342
6003019.0,-7.420101551291022,-2.5219410420384403,16.092925989875802
976256.0,40.64479461022184,-9.337078204533526,-20.881612141961387
58671686.0,-14.119196047305273,13.760974313615167,-11.034727530712601
11103733.0,53.20148358043272,-19.169117202795498,18.32840030987706
53864630.0,44.70856225471494,-48.08111092945532,-26.588139850372997
52566535.0,19.445546416053464,-76.29722068792373,-15.371797565430569
49628367.0,-25.412999055066543,-3.5380084597520436,5.966018031958466
58808371.0,-32.94262877062598,-13.148819901030548,2.780249338291843
60733084.0,41.578857480797744,-57.11750604840675,16.642409190280944
3566528.0,9.112104087465664,-79.12356621202541,-13.475338647134432
59144280.0,41.82035530287453,-63.99687651883944,15.315650143013968
64738874.0,39.61820405666025,-66.93369235319908,24.752172514807533
11359705.0,47.49698506547233,7.95317783436845,8.73739653167441
50470349.0,9.63111707536372,-69.82031681605245,-28.223798286259488
57769432.0,-17.837020291124333,-23.223987168438057,7.652988139593253
55597220.0,-10.238982197875034,9.606711076778529,-8.815112200672884
17382334.0,13.663904115409487,-44.40746739515491,23.729580864957157
56101135.0,-35.22127772169174,-6.582901851313045,0.058574912462260986
49626952.0,-30.6649560243494,-0.1759646333077145,6.902395430457998
17891250.0,-37.646238888356784,-8.579092334763383,-9.07927359061772
60023044.0,12.628808658877293,-79.38594358935718,-15.24572962193398
58343178.0,57.10847100010832,-13.62523544162947,-8.708238930454222
1340757.0,37.25830427498123,-37.91653042754101,18.617022187757907
56274554.0,-28.091150714639987,-20.936836090097405,4.797411239040271
4543697.0,35.271288552700256,6.675929152939587,-0.13890503389201259
60026011.0,13.18154107176012,-79.19772965831223,-14.806633643041462
9249929.0,-31.18347594792735,-4.4291607836411035,12.702843337982632
53189334.0,-4.368875090284844,-6.548414466029728,0.41976689026130765
52535399.0,-7.0869085773246,-74.75953623415614,-25.846539711912943
53205183.0,27.57382775327675,-17.299379196531692,-25.584238835424124
17782710.0,41.093925538170886,3.1248536542048844,13.274543479566136
2556918.0,23.746359398192403,-36.41591763606274,0.9996997995113679
51877772.0,-29.1014568265083,17.28525373770361,10.142777295523317
61915306.0,36.289169255604605,8.207171938261144,-0.3069417507594583
61916263.0,35.17622235845103,5.588615477887633,-0.8130881037921509
49631376.0,-23.642641768650797,-1.4783042789498595,6.429871581205088
55035966.0,-39.30837910677741,-26.383560005676223,11.54286598435137
7216972.0,36.4669545011473,-32.37851958343617,20.150226151735026
63025937.0,-27.366302986763483,-4.451574122698456,-1.0521144611680733
60022069.0,13.640077275150297,-79.36065949749744,-14.925275277987213
8834541.0,11.436021898978252,-28.398273558630862,-14.019448776647558
63860882.0,-6.359603580142915,-3.5295394338072628,17.52633113859254
11047142.0,19.003656240869244,-0.6490937608043215,-17.311690177486067
52534863.0,-7.10322617912443,-74.78732167803686,-25.691867386718343
5333397.0,47.077069856760204,-39.2129898496489,-27.31332184016587
56815972.0,45.063422786072074,-78.1193054706845,3.657539142833521
61965821.0,22.563449557994932,-51.39398441924603,-16.901293504312484
58282646.0,-16.125858060227454,13.638921626438988,-10.94350511436562
62022782.0,32.67354415385952,-55.136339494926105,-9.239560608786666
58348085.0,-0.5792170039591455,-54.423270763853104,7.5626864512540415
59456029.0,12.77894762468526,-39.01496695651627,4.973066975450576
57802416.0,12.566794401515853,-75.00899870070029,-8.49751173212993
53845401.0,-38.33380330042821,-24.16172063899047,9.711534379619643
58769935.0,35.451734374880715,-24.35331612417356,-27.760235775630612
64722765.0,-27.461047986345616,-4.30832305487956,1.6333109325922779
5285794.0,21.834284933408675,-51.589793964002844,-16.919375302013886
59043219.0,-33.27906416333041,-46.090734664464996,12.237394208110015
2624874.0,13.636167346971193,-44.43864733289398,23.752915340142785
54951539.0,15.190207328295141,-49.16677428903085,-7.900664520735588
58637403.0,-26.474044500212177,-0.2044005310894117,12.023150544229711
5278574.0,22.619157994463162,-51.38656860456488,-16.99609586648179
56262297.0,12.864601817552092,9.135048050074028,-16.96798428661231
59039335.0,-32.91712007986688,-46.249629661869555,11.60938372414115
2741372.0,-15.112741893321159,-3.9556348473085228,2.625810343292615
1387215.0,44.520771995510906,-15.395652081315305,19.72559819083875
60881948.0,37.46258240949252,-4.975157666781576,2.5158761661974225
49626440.0,-28.160963257729783,-2.7549377685884213,6.844403159231757
54434981.0,37.069561998779264,-37.94636590300159,18.594795176664633
58769216.0,1.025613117778803,-10.787231178942019,2.1512571499236657
58591091.0,7.631487727417797,-44.658091872265985,11.713044212013173
64738570.0,39.487245695153945,-67.14389015592178,24.419866060933803
30551787.0,42.36896291148698,-57.7807705738065,8.06639987870673
29110746.0,33.09200624560562,-50.412522315577604,0.5479489996769882
50480411.0,-19.4580506750286,-3.465964134129397,3.3120242843859375
51860560.0,46.03683684628304,-36.9180963295531,-13.695144101819341
56109407.0,-38.107729058318306,-8.495292420415906,0.06071001170886969
9815437.0,42.47993785765499,-18.52330578274214,-12.17780197558453
5971081.0,-28.35184399320956,-4.649317320371668,-2.308623305389721
997091.0,8.304149598494579,11.190480602720598,16.07415470310051
53152005.0,38.28160762772188,-17.14147647586545,25.887292002034705
2676802.0,-35.41111028483784,-6.650791092380858,0.06073276477828182
1773451.0,40.862442923270855,-79.29060217606117,26.427260148876147
63024072.0,-28.544580962966833,-4.657005694086267,-2.3234626821760966
56738764.0,-16.94376686317539,-3.0728728999490036,6.043485549831316
54440087.0,54.37644898157451,-35.575362400066446,24.36650490344107
59133722.0,8.730830788826083,-40.90013322146594,12.579305466858152
6000958.0,-7.119075551673382,-2.4473377059356762,16.97776625535683
105261.0,-30.6831805801123,-0.3306603290846797,7.199116490477892
60882272.0,37.27976802739062,-5.655073778121536,2.059721762713198
60021707.0,12.816481571499063,-78.97757267012855,-14.758395906195297
57802183.0,12.584657372556903,-75.03659401120571,-8.338093865889363
113008.0,-29.3867099950502,-0.35891746406060887,6.116888327752173
58847948.0,49.630347684723134,-11.253947370349854,19.745697209323993
54977824.0,-40.11802993398886,-52.58159921186031,20.213808903376133
49630722.0,-26.249695006528484,-3.3108304162171267,5.728795076832181
49736534.0,14.028540231737216,-47.40035861003853,-3.759404601026631
8403907.0,15.280464424416072,-76.7206207937492,-27.254830314403613
51272462.0,27.903567970396157,-53.088478673671844,-12.769719638532226
49625736.0,-23.52062825765867,-1.7083712897057755,6.794191461807564
58623892.0,42.58414111688187,5.7102998326379915,-27.748038630124988
50524264.0,17.735536496335246,-40.79605517642316,-0.19602668713181437
51860300.0,45.71637121352475,-36.46491745640652,-13.674226705938773
11714895.0,-11.654536858671811,13.823130354216193,13.53329664381913
63860097.0,-7.279250942329783,-2.462603490510829,16.72259527527804
55014404.0,9.481493433810279,-47.046849043532184,2.8912785764227293
63860434.0,-7.534033779704625,-2.64942629124978,16.860344753757182
60884047.0,37.55705825607012,-4.627391258925084,3.0069462665996305
60704521.0,36.80585976536608,8.315757844143072,0.09145482294972851
56262650.0,12.764286695569695,8.804532607833009,-16.914474013468904
52560526.0,13.598501080430527,-65.49821109122607,-25.64934424891019
9894098.0,-34.707461277390706,-77.1188855874087,21.18422290925404
50547927.0,-36.59536337100895,-21.9725211938161,9.449703945136633
1035159.0,18.600363738002446,-76.16554275038648,28.988080838197384
59054668.0,-33.86826524925394,9.795602347919981,2.5121959191387706
16748975.0,52.904746534791414,-8.861941899491603,10.582729769675378
58841358.0,50.66288646480656,-11.113993398754522,27.285526571708026
60026610.0,9.020972673666298,-78.76711160513094,-13.574020878254563
3511644.0,-32.793303844035925,-46.43435742085846,11.83536313170207
58477372.0,-26.47926967458349,-52.83021388014649,-26.210294898262173
1346822.0,11.220984273028597,-70.31129482929008,-25.507244686446175
3510768.0,-32.93335481633541,-46.33282164807957,11.321387899806446
55599968.0,-0.45799464770487686,-49.931091924687045,16.545776125326917
56116687.0,-37.62754646507604,-10.065556228983684,0.6853436915949955
2314445.0,45.000870743597496,-78.15226204719431,3.5874154750582115
54444566.0,-5.7467336346694555,-10.843296282846092,-0.6533324171839237
63026330.0,-28.74885925372775,-4.664883467917567,-2.2693420200842422
2056147.0,39.96280325887598,-77.17463768413552,13.999840681557824
1340985.0,37.19092665456731,-37.61814100176076,18.788373501411726
51233846.0,-29.025662477951872,-66.18675166415507,19.705569141553802
5972171.0,-27.455137206743796,-4.456596097812231,-0.7028327270472516
63001852.0,15.780484124970604,10.785934557074658,-24.704454735987525
9518908.0,-33.75602841682647,-43.187902396696266,12.538093063370185
1405449.0,9.303300270359664,-47.169573405045504,2.548524010170704
4506915.0,38.37789377811088,-5.345286568957408,1.7051869955826517
6627903.0,32.31821105433925,-53.23072349600577,25.768041865651284
60883121.0,36.63463015422989,-5.606504063931783,2.0511216113665918
1402137.0,0.8076532192795666,-60.2760699162487,14.659338046572234
62922237.0,33.467965658178365,-54.86422788101752,-8.973867795165697
53855145.0,22.613350865410602,0.6474840021431989,15.116415700186185
63023443.0,-27.43973627200964,-4.5864231347325815,-1.3103477128696555
2498156.0,-21.511741507021185,-1.327505319978822,10.17336428004906
50501746.0,30.55179226803733,-46.37253813238689,-2.7277744277740448
49625083.0,-27.54148391741906,-3.0065166369711234,6.641135579378319
62946361.0,47.300493258285755,-38.50748951351838,-28.115724543882315
61964806.0,22.697658416260783,-51.174919268872,-17.09479556285601
2687746.0,-35.07076357933198,-7.000432017035032,-0.03457900780292
57337203.0,-23.968330763618408,-77.42637475804447,-25.329455617740606
1379637.0,50.715371145946975,-15.181681489167854,9.898568201391383
63002464.0,16.414362576699833,11.024836403569166,-23.945742240281234
5286008.0,22.427304408812375,-51.549448428284116,-17.013713238224575
1404678.0,9.125202948554024,-47.13484535366845,2.6603657753088354
3557257.0,13.321552396554853,-79.32287083567152,-15.10889513431469
49621828.0,-26.17407857820331,-3.7668431328126615,5.667069326172421
589879.0,37.99138911619779,-17.00783905506038,25.798459517102046
6696348.0,42.60172057199007,-19.43506181048423,6.620335854585299
29168510.0,53.147638173957574,-2.3833432037173115,2.3428702782282245
611111.0,-3.970352419262609,-6.998308978527005,0.46915098720688053
49737038.0,14.041300618715967,-47.164760272006674,-3.7180818765426853
1382424.0,-4.106212304907828,9.97960278239856,-3.723066789752451
6002304.0,-7.351079087050489,-2.190053082323397,16.5234094419368
4544438.0,36.26821277703141,8.096900797550001,-0.8448010449332024
49622300.0,-23.287580427375886,-1.8475244193196434,6.906083510086939
56108144.0,-39.983404401286876,-8.568221357573263,-0.0016532761602294777
56736877.0,-31.125034993102858,7.282862184643822,8.675942600700115
2306754.0,-13.037323311936941,-77.09226535746674,-14.029732575227122
2696764.0,-34.605811380908065,-6.825836748074743,0.34922845164198213
3499808.0,-32.55909183164592,-46.27014666371419,11.648096522349705
6610387.0,39.47831490577854,-66.99491831127209,24.458273210057353
51202817.0,35.4199675921373,-50.35451902986736,20.348008270765582
2468369.0,-16.041615497906182,13.553420009525373,-10.881371217105713
51204809.0,35.83764350508683,-50.449705183190055,20.468234509804322
7683420.0,44.917105061248954,-21.26311432079185,1.863017411643586
58270223.0,14.309656850194159,-71.63654635364544,-19.860126049781407
3505952.0,-33.33809863798755,-46.348343410832214,11.752223981132596
57834806.0,50.16153593097662,4.247755978749031,-7.213723066589132
1024793.0,-37.58234545855322,8.797390274072793,-7.303270908853068
57849091.0,45.098857906484795,13.887832332998444,-8.282403043372684
7644031.0,-28.730027332739745,-67.44991373478682,19.642222377445457
25470675.0,14.002376256629578,-47.2481746863893,-3.8704494370087206
50468301.0,9.475037294195431,-69.43735315716468,-28.126847732956517
2300668.0,8.116968440924081,15.132816580133708,13.461632218820267
4553470.0,35.284541503604935,5.766228506614,0.6554554099703025
1421336.0,5.177313678013434,8.636087211647768,0.9460831754797749
50490447.0,44.63147688598618,0.175761557021628,-1.6655839618585713
54378067.0,27.34623534238967,6.9387958586988905,-6.21089486666761
5968979.0,-28.539615979065722,-4.717965247844713,-2.5053467711158244
7162102.0,-19.24605328286405,-3.3176263220619795,3.5935349198874844
7179844.0,30.457632512147992,-46.684124854429484,-3.1060128919651095
57322781.0,36.85099298748668,-51.77779858691313,12.53219523777351
60022424.0,13.379251053006634,-79.79590952439777,-15.108300161025609
57810600.0,52.020272795363034,-68.54628769854828,8.773601586596401
49641428.0,-24.36382991083087,-1.22852918461997,4.550083913251238
56217191.0,-36.844970341285475,-59.642680643282695,24.87456459873968
5380991.0,15.643267064475364,11.424646505316453,-25.377691857602358
5316898.0,33.18593348398866,-54.98498835692215,-8.727838978548395
58682143.0,20.763320157295652,1.4895280341476147,26.698676813442894
238864.0,-39.073900849117365,-58.500142229248965,26.18496157484647
7644169.0,-29.50324533323765,-66.07837134822253,19.755548016157988
58743867.0,20.523677477057447,6.745329566539348,-0.006821796386404122
51271950.0,27.667977741416763,-53.05811083183544,-12.90688730334299
3266933.0,-14.940147889952373,-3.5090564405180524,22.35529855077534
614994.0,-23.79819753978927,-2.9446143172179036,1.0152326150586006
2704152.0,-36.044592776501716,-7.409652734037541,-0.12887970232096224
62950078.0,47.2732046777702,-38.48660123419234,-28.895534746895414
59313109.0,32.59898654844781,12.690719378395839,-18.856763491360734
63025189.0,-28.66736009016977,-4.65683786641288,-2.6103616399036538
55587744.0,-36.20204651234223,-13.591917359423835,0.014873412715740386
6001966.0,-6.3432503680506755,-3.7359839535652672,17.881362111969718
54434725.0,37.12537080679941,-37.8652199668315,18.780278806358602
590798.0,38.386726522353584,-17.199082364242145,25.554809876365145
58333789.0,38.419107969198855,-53.876115430503496,14.931421941396728
62946679.0,47.345227752082685,-38.19214378057738,-28.44003032743951
3568855.0,12.592050513557783,-79.48215581266403,-15.27374272218126
58595719.0,32.309439817277934,-29.208805697536107,22.329020280263222
3507762.0,-32.70469694537936,-46.19709306279476,11.831177671860992
7188332.0,46.14788753248026,-39.243217169628025,-12.00300419112832
2107214.0,46.68697522887499,3.4249164912750025,-18.693307429243582
49627891.0,-30.95682579357791,-0.0921892109192326,7.004997092970758
107554.0,-31.055844381622233,-0.2534615123433812,7.328121372985915
2698273.0,-33.92761499573066,-6.553254016846321,0.07130322422587954
59214874.0,55.136999431078536,-34.757169760917925,23.480593682605473
7548914.0,18.37656284314386,-76.34903404177203,-15.204339218596465
7796781.0,37.77553419417026,-3.235756522084137,1.8366159626132403
3564691.0,13.58069879289003,-80.31262478291723,-15.701860361823705
58539563.0,-15.516533939237675,-10.884517211872838,-12.560056175681174
7273879.0,38.92070558232665,-80.48095776191803,6.747437456746858
7656002.0,55.24866765995977,-61.2947790433976,13.223604424909224
59253067.0,51.76710866518131,-23.609644916060397,-10.165897343527115
7215528.0,36.09947612589623,-32.17898411346741,20.561992780532428
58522528.0,2.0261876941414614,7.576572685914846,27.271857395157333
5334129.0,47.642214747953396,-37.99441208657105,-28.075412382783625
981262.0,49.861695732656976,-43.26597391901719,25.413061646040205
30762222.0,55.39390070629758,-7.273545358162595,12.39665239789593
1385073.0,-40.25463749118617,-52.78313269034542,19.916421053132993
111118.0,-22.792110126925966,-1.1073902078040074,7.957460313982294
2380275.0,-4.39308721548992,12.281510117795598,-5.930012918650901
6686570.0,-3.1890815206367162,5.37792884255307,-1.8349460372344555
5315922.0,32.57192187464362,-54.9577377299693,-9.10224214830418
4508364.0,36.487519985425145,-3.4874360925810937,3.512242846418272
2701900.0,-38.378395166799784,-9.00947200534321,0.04603587731108716
644169.0,55.351699147114694,-16.6337987687136,-2.7081092056454485
59221231.0,-24.520563027307244,5.620916480686488,-6.436686938354349
58698521.0,8.680401476747011,-17.900535522539034,12.037814744866496
3560214.0,12.895610981935409,-80.19282796919302,-15.11119207329048
10765938.0,-24.16109699449877,-40.5213669240377,13.742695850331971
2701173.0,-35.18790849170757,-6.7799400458910055,-0.6049360699771622
5318835.0,33.45188650961477,-55.31410651374841,-8.395586524488827
103869.0,-23.664978302966546,-1.8034976625864834,6.129479851191224
4509051.0,37.1509851902394,-5.1510802562733335,1.7861530870953226
1720178.0,43.905512850446854,12.525720593408224,18.032192256626033
7187359.0,46.5198590928873,-39.28727200472788,-12.164528878051625
632739.0,51.4531704737359,-26.6985119872331,-25.89296987154023
62022225.0,32.890447775900604,-54.64289675124476,-9.012570293443277
2706624.0,-35.79558645121824,-6.557667070217017,-2.1783827638983313
2764465.0,34.46717660598834,-27.214365510423598,2.8421577632782933
4552452.0,35.804582655823005,9.504043801920218,-0.7320504321887711
31351720.0,-8.367992363957752,-11.57146403445639,-12.271818309676746
7677053.0,45.949862605254545,-37.008575324292934,-13.456299512880449
3540463.0,13.318138655552952,-79.40190530559637,-15.02664761766141
58898949.0,27.49532392887844,-15.85014733644614,-27.121544083412566
2677204.0,-34.96376466020689,-6.494163749130677,-0.02074082207673822
5970354.0,-27.239689236000036,-3.91490153136455,-1.5767616666667426
2706222.0,-38.2123789857705,-8.274305094897022,0.8203992011917189
7204697.0,52.31728348439122,-18.237538008296898,17.087003414163398
2700364.0,-36.53815903981198,-7.922027942999983,0.7208520131595835
3498818.0,-32.86258378031752,-46.23327542187833,11.74304550723105
646145.0,18.15105781758315,7.309991700080641,-1.2167195264601796
5329828.0,47.19316010130717,-38.521631617097576,-28.17906652835837
2704256.0,-36.09907297564615,-6.277596573947139,0.45086178109302644
7779367.0,15.801381655536495,-80.6820593993956,-14.969626615714752
7220495.0,23.013322424271916,0.48175550373653464,21.016987279397974
2417966.0,57.839831011382124,-24.722205041921484,-15.429829848439976
2603223.0,33.11778788877518,-11.911009447171088,-6.76507639931914
7690366.0,-28.465720181157987,17.646800522667384,10.335526813349137
60023214.0,14.095105788555516,-79.82826350299624,-15.022854121425326
2448069.0,-11.305711473096295,13.150482309060838,-11.630908104562806
7689418.0,-28.686292576264496,17.852960720430183,10.536022896862965
2708175.0,-39.41296740412133,-8.997671279059096,0.16550437736366597
50501248.0,30.521102781323503,-46.48245879512895,-2.8161232125058753
3282656.0,35.24764273739216,-25.805490137146574,2.0686927306659104
49626688.0,-32.776302763729085,0.7112836150767597,8.175289929105272
3572126.0,13.987223741902191,-79.9820297678896,-14.915204071334152
60882492.0,39.015967405737946,-6.548331546506097,3.1151383743509804
59247722.0,-17.99178486416704,12.13984621508341,15.294386873161375
61964008.0,19.445611359038683,-50.435227366819454,-16.43726021828817
58685785.0,-29.545267893327303,-22.573976327625157,5.1022134123823
2053914.0,44.73700656047429,-16.911045499608,16.948527411817032
3569817.0,13.02711946724052,-79.57442098987264,-15.227509230450313
2705197.0,-36.05758806336303,-6.72885338263738,-0.7193105612029154
11604111.0,6.5429029710340085,-5.025293883273262,-15.132716915128691
239626.0,-39.03409389223062,-56.39089005066823,27.47886964964784
1735845.0,20.00328680568586,1.8055507742548582,27.994972114411354
5314016.0,33.462298415900165,-55.169754146318894,-8.883037490278204
5334515.0,46.90343990892316,-38.597844157812126,-27.656835888089333
5328254.0,47.07709653031538,-38.57473489164809,-28.07400944794182
3508381.0,-33.40068803061241,-45.9621906369718,11.807999805077733
2693606.0,-37.478076481710495,-5.181635737583905,3.2264139993427867
3503265.0,-32.79490742048673,-46.78694107581238,11.359501001114964
10227855.0,-28.277022987518883,-4.684127405453282,-1.2650909162565205
1362443.0,-3.0184269331016873,-54.49017604044247,8.58724078008875
59296133.0,6.904703551126511,8.27192549491605,2.9577224135225686
56102055.0,-37.48819652983898,-4.943537539138996,3.497017334757049
63003073.0,15.831597642777545,11.272051622163929,-24.859706073989496
1699089.0,1.4226419544618745,-3.082636940863386,-6.450498946703086
58856936.0,-36.14273022322952,-41.38906709288826,7.976543212467384
9167736.0,2.0870727743473987,-61.64791100003667,22.163748899223584
53226539.0,26.92343284023728,-79.66613232034139,-10.023601761335001
53859446.0,42.4983776987109,-57.11864322493757,16.241537467457434
58591845.0,32.40098587056664,4.638139641551087,-1.0470500770517628
1404574.0,9.421326692850133,-47.141595051754244,2.806173350430316
4551532.0,35.40357755056008,6.311389112683846,-0.4745223486890673
3570044.0,13.5673357909231,-79.06844575924816,-14.76663080825753
7222072.0,22.920890112069536,-0.004831796588282478,20.63558077114264
7187839.0,46.16794675714971,-39.45740044765061,-12.054797446308513
104315.0,-31.943315731887743,0.30880522251715636,7.588254215978046
4550204.0,35.9718973612084,7.8405394482352495,-0.841012987495398
54977532.0,-40.15521938882157,-52.72396140762284,19.816281965413236
3502728.0,-32.76797800278767,-45.94164057322988,11.655627144996515
2764706.0,34.16923578291048,-27.20027972284838,2.783057168923669
30063602.0,43.86233509240065,1.329947739983313,12.660184084257642
5334985.0,47.12697811667388,-38.91873154244213,-28.427067795537287
19195804.0,21.992670386401066,-51.43352404459245,-17.37352733300446
6598694.0,-28.283002019781247,-4.796556952519447,2.8314559706424536
6697207.0,42.722629256701275,-19.29003844495136,6.912071680434529
106784.0,-31.727344724097684,0.09843672659725444,6.988750433471597
109845.0,-25.45417592822239,-3.617156432264809,6.147145153418023
5332042.0,47.63455474141604,-38.40526933345316,-28.098388865636792
59043410.0,-32.618778251257105,-45.82771402312365,10.48777401468941
2498064.0,-21.46885964788259,-1.0923784771531482,10.32286659096313
2371848.0,-39.5883185235557,-59.111401490195725,-5.93951272507479
97695.0,-27.98255039611687,-2.9200139978916098,6.670668366199008
103334.0,-29.42609608688239,-0.9405591552388866,7.5976585829607455
1353100.0,-8.780004264190351,-5.5110787114960225,2.325705185126
4580964.0,19.662909328382145,-50.52400836766693,-16.566302417698772
2338567.0,55.377968574614805,-8.375381565965608,20.245365460303063
5333141.0,46.952793190999536,-38.135240452180355,-28.143528499754073
5287074.0,19.763150342321413,-50.926387557655545,-16.808730548423206
5283042.0,19.457956608444356,-50.26412956917558,-16.01895351996919
7214273.0,36.292789978322396,-32.16971666033941,20.636370474968803
5381689.0,15.766010034434911,11.094260810355415,-24.492885443908026
56745194.0,21.257314991475077,-43.193966978686966,-15.838147490497345
5332802.0,46.44893174381497,-39.03443318896084,-27.69742784236126
2691136.0,-39.2974291392302,-8.503783532386876,0.4180737552858447
5377706.0,15.795323284724219,10.984585089685389,-24.317193368090745
7194519.0,18.04274201549859,-40.59517592029549,0.12247537627465022
2698734.0,-35.01361208679685,-6.5553697483008095,-0.19099386462210344
2489093.0,-33.89693931093105,10.304711964086716,-0.9968703903929415
2336699.0,47.69950713737553,-0.9579423568597105,12.529630722941448
980946.0,49.85466050688722,-43.15722022494606,25.338399828742126
58750447.0,-14.465721945388347,-2.870347838474456,3.022357905370637
2310508.0,53.35408654104935,-22.134086209214,-28.366348593793724
2388968.0,33.92206040433552,14.019135165148374,-17.975587072672035
59421798.0,39.5965210590179,-27.10875719356395,13.092778558626934
1420907.0,4.998241672134753,8.300484629452411,1.2539582338255193
60881225.0,36.5323170628088,-3.8256766191803977,3.644803417346106
7643278.0,-29.105993631711446,-65.989061924373,20.08200751711056
7668593.0,27.806492931543293,-53.09683483113543,-12.66113288962998
56106505.0,-36.816330195617965,-8.029728542022829,-0.5548466240624528
11535849.0,-5.819009085643364,-3.328828942813857,17.382940077354526
2686584.0,-39.84303853339797,-9.139357326205602,-0.07548694856626659
2678736.0,-38.975691712676145,-8.42633790241389,0.3110427329058645
7188728.0,45.96005034881932,-38.54485406536681,-12.113965068138928
2808046.0,35.355608780879244,-8.11318542018287,10.644806156784838
53844287.0,-38.89842576414959,-23.8175171892932,9.756152808813015
2693396.0,-35.5674280242021,-6.380984946004197,0.8205374761787985
2303758.0,5.118492347667283,-11.02561210769543,-14.784801862829777
59165652.0,39.70173169650378,-73.48079222813082,15.305522746011563
60883339.0,37.59112413218435,-4.097967344910147,2.906698307928802
977917.0,21.38240134135859,-54.77466834253546,-14.983797842629912
1737171.0,32.6412452186276,-35.562351287646585,-1.276704348908721
5997834.0,-7.7402057131468345,-2.437958203559531,16.100954406881268
5331814.0,47.10101510998374,-38.466113689948386,-28.34593818890343
7162951.0,-19.426016537700917,-3.2481558823150705,3.1808307588472906
3502407.0,-32.629505335104156,-46.533231545716646,11.236904609656259
60882838.0,37.5746675822701,-4.977091303004058,2.6368513355644256
96316.0,-30.68320450297805,-1.3006521811864438,7.393380134850371
49735423.0,13.908495073447773,-47.260577506534425,-3.952354461755876
6000523.0,-7.1777006438328925,-2.541629751790162,15.670578289727228
3505011.0,-32.41967412498733,-46.33891801249986,11.707721811684516
2794775.0,12.19462019455825,-75.40092611750673,-6.707752883926657
7150597.0,-1.6365421603036379,-75.38494933433066,-28.928380969914787
105000.0,-31.151167464596917,-1.3167051026219705,6.858026150171748
229270.0,13.664722581020111,-65.35475440292232,-25.922877739257505
3498387.0,-33.08167513691925,-45.926679394906124,11.861986094026602
1337042.0,15.321486436330801,-26.219325838708542,3.8161343511426313
2695498.0,-38.98564346050822,-8.262665244120699,0.2424091946554694
10803989.0,53.91239964603054,-60.37534000698467,12.480656975150021
2331359.0,15.20244524597684,-41.93457848116322,0.35132606213178175
3561477.0,13.874662990342278,-79.63146769174769,-14.729178372920378
86609.0,-30.33598905306717,-0.005458773133712791,7.111486544522473
59337970.0,38.79448189447344,-74.6703038077543,1.0210940766461523
2510814.0,33.31649539498809,-51.154382465577434,1.959464333329361
3497667.0,-32.79385457397965,-46.222542831546875,11.540218545283327
2370105.0,40.56799809237546,-77.26479461090553,25.764061178528138
1007729.0,22.68732046117436,0.8591321864222983,14.97279453811766
8461167.0,47.96174830489342,-72.75555954473168,-5.201851697519693
7194724.0,18.902033385985703,-41.604296652296576,-1.2478276567443034
968546.0,33.66163798069558,-5.003193133179328,8.17750098646567
100919.0,-24.490271189461616,-1.1708223008452108,5.523313443983443
56814821.0,44.84093659611512,-78.16231828988745,3.668270013205561
632061.0,51.539421334556025,-27.71301018465381,-25.14054170653848
7171125.0,45.183702646729294,-0.008084302507404995,-2.214006204163459
2699631.0,-36.16257333800046,-6.814121260408604,0.2115820252428544
1397217.0,-23.727010371697325,-56.28790214572424,26.07879369354206
54457509.0,-8.339013741063447,-5.198736824584555,2.3911454390209963
2699136.0,-38.075837879913344,-9.677964504913898,0.4067735072804064
4551256.0,35.88861946863299,5.73484278052711,0.738264636361798
7677286.0,46.010754579430944,-36.996697388570695,-13.670624897893232
6609193.0,39.41985032376963,-66.85448730774438,24.070743243839615
2698566.0,-35.42252459626035,-6.0414379519649835,0.36177410283197453
7600280.0,-36.05878531076398,-5.800777079102967,0.5031713297698293
2991404.0,57.27622841339832,-23.40777514903334,20.75149613309206
58650319.0,-9.00839610429877,-18.92017746182607,3.380568401403415
6609421.0,39.682097192736805,-67.08968191568535,24.84472116870725
4496461.0,38.03363336479286,-5.156352402455543,2.1403082310450783
4550985.0,36.29018494209828,8.573381656728278,-1.2343060195304627
55576882.0,31.248573795118652,-46.76511329445036,-19.59449827613138
3480007.0,-32.861388181883854,-46.01400831047521,11.832161148749929
577390.0,15.68603066890738,-85.03191638608865,-29.621747043282298
5178827.0,13.42201872604275,-79.08741650984103,-13.927580636373115
2752409.0,-29.55109492835075,-22.44472386505814,5.073870514785268
2956771.0,-40.838847366095905,-18.807143324696145,5.161587804067967
2100163.0,-31.585962443903473,7.058472567924413,8.660647611227537
1011371.0,42.22593928822843,-56.81692334917196,16.44332034816532
2697898.0,-35.61381796312731,-7.6145946096092665,0.9713629447034968
1345618.0,-5.421938996751197,-11.022094595472819,-0.8635024236914763
988509.0,50.69833804827562,-68.32655299017323,4.222204574047798
7118993.0,18.056717425167935,-81.60966905104638,-13.39184455078896
94969.0,-23.035999258098744,-0.23196676986890596,7.181121684049016
7117185.0,14.295563145407142,12.399344863897571,-25.236736215695306
58667461.0,-27.50196573157971,-35.248776952987114,-8.350334992621109
2089490.0,16.56348335608163,-45.698648688988435,23.93559429247955
7162721.0,-18.72202492638523,-3.253912317546549,3.216639903762691
58936724.0,-8.44588038581657,14.342385867927195,-12.363390960127484
55574028.0,4.8398773426032236,-42.330241354538586,23.837692213153193
57291802.0,20.271569358126122,-83.35223220213982,-17.35167370381975
3567483.0,13.809760950899992,-79.69710531856205,-15.191647562424292
2663001.0,-38.609620857216036,-8.348744078305188,0.23126285902222765
4548319.0,34.72235238346995,6.3726926593879485,0.30771345847174514
3567800.0,13.919834620919406,-79.72709991023801,-15.21642813472701
3051566.0,-18.920172716845002,-49.54372868924764,9.036500435433423
3000500.0,48.2123490592352,-70.70969158033823,-5.488363215822215
1014003.0,44.77469537299434,-48.217871032161234,-26.65487637315111
5285144.0,22.420122206315074,-51.468363747190516,-17.201682264378448
7419722.0,-33.721150476461546,-7.252953074193448,0.2693242955705908
55000727.0,-23.381627283311172,-57.38380555070513,27.002757939415318
90308.0,-30.931375070249842,-0.05852535190102137,7.901276237558717
2547795.0,51.168778350439034,-36.054201765345326,23.87488776809665
1395316.0,-0.19197676256954566,10.709103086619466,29.642042691286175
2666751.0,-35.6547919820506,-7.091072489463998,0.05716212396900078
4505891.0,37.52008984663999,-5.183573320928105,2.018917014716738
2477143.0,45.32045804205394,13.278724517134897,-24.09969430442398
3313794.0,13.929663303682796,-81.44555453502598,-14.920118440475825
2426514.0,27.641891668611485,-50.778545381340905,26.34815323791215
2380608.0,-4.330463053847625,12.297965525195146,-5.829879884686506
3501155.0,-32.76717513491322,-45.894205953933216,11.963309430265525
2418704.0,-9.587103841271583,-51.12158847238498,11.809520581053452
1398177.0,6.544181369476933,-72.40400339354379,2.3434376805406085
4545987.0,35.83948256883968,6.818015300681462,-0.10266962014769287
2493963.0,30.57636379630065,-8.230537729963702,17.049321701296815
2890375.0,27.36418251678515,-15.83712913554206,-27.1734931496159
6683156.0,-3.2007507156255954,6.253885367925596,-1.7516450378971118
4506156.0,36.810286150589356,-5.766644193744384,1.6157590271881124
2694768.0,-37.55278491195645,-5.448440882285705,3.2081343988293254
228975.0,13.245049607825091,-65.1737900861941,-25.928255832389787
6000329.0,-7.263688862700824,-2.412006897557565,16.912263039389764
59040003.0,-33.40504944426534,-46.27855947787167,9.203826845626576
972176.0,19.027811380893233,2.067506372277845,-19.478908370645765
5281538.0,22.712431472370174,-51.100789745160704,-17.05395475110447
6696688.0,42.24982273338669,-19.67778994496041,6.679906352065019
55046552.0,1.7401655730565364,-2.7517920233045574,-5.954911089962178
7203815.0,53.42722876626938,-17.495510250196812,16.670696663320506
3248964.0,49.824109463199186,20.09692288371354,25.607857197616166
2882125.0,40.7559669955853,18.537176918662087,23.04003277100904
216901.0,-7.458484249159059,-74.68287843904858,-25.84622327982551
7689269.0,-28.642352341105394,17.069010728088244,10.323240774422585
2663909.0,-34.148682723586845,-5.786720123056384,0.5996266019944145
2863684.0,44.95459602714808,-14.773170353393473,-29.50320422027342
54989065.0,-24.462055369738724,1.238720134417498,14.215391944296684
4541238.0,35.23516112949432,6.502991879133017,0.2358688219862355
3228674.0,47.82574662188879,-36.91820841892623,-28.52188248913967
3563095.0,13.533637895317744,-80.05057623304602,-15.170362017122306
96723.0,-30.965776601900853,0.33246332099768183,6.977874030898488
3509966.0,-33.92407178584606,-47.667629240246505,11.121840450654176
628809.0,35.702618647023165,-61.29593086074653,-3.7950716990848736
3501817.0,-32.66679458050781,-45.94841398318013,11.792172242698273
3564419.0,13.587924750287675,-79.63484742925007,-15.575337258103234
3568191.0,13.996882137356442,-79.57627136957318,-14.899153437890336
3509636.0,-32.52416577922569,-46.35964853691255,9.873578710056371
2694346.0,-37.77188251129342,-7.697531687176676,0.18408792786069217
2678096.0,-34.519231033761244,-6.304500226336664,-0.343690574098404
6626514.0,32.094708757293084,-53.432747532088754,25.845356655600074
11403121.0,28.138442681437972,7.360131526157249,-7.249692782595655
2495474.0,16.20705206355305,-46.03252454274268,18.047662252324173
3559317.0,12.763051841798278,-78.78656236653325,-14.238215793969452
7374948.0,-35.76083435958501,-46.154674795941254,12.494675933120597
59455678.0,28.436434315825633,16.00127543361227,7.327978403805754
4502890.0,37.43421930562256,-5.544214905675017,1.5503695429856266
4497473.0,37.159699141038416,-4.68665525461972,2.4794353049651567
5332961.0,46.919985425009266,-39.48665763618848,-27.993632911786065
2555215.0,-15.445189795079921,-10.88423767469071,-12.42246944517506
978498.0,20.884263256265506,-55.350939574856305,-14.670408002373048
1726350.0,41.48365443600648,2.248411149602351,0.2762851239965354
7682440.0,45.016905683881525,-21.661838083597974,2.204715661257011
6598390.0,-27.301279937052715,-4.261633019210768,2.9380240944728486
631858.0,51.517728760130055,-27.839980415948663,-25.188982050929344
2102548.0,1.198378214217507,-81.2936590422563,-9.074212730595011
3567990.0,14.264807825334746,-80.12356127809059,-14.626527654875003
7654158.0,55.17396211839117,-61.11771383362558,13.1208763885154
7170307.0,44.426854515611865,-0.43248825180508926,-1.3236219932631377
95233.0,-23.899437337042766,-2.3433692872843404,6.903655148715065
4501006.0,37.777146083037636,-4.564452977237747,2.2269448373362186
1419017.0,28.27184994569926,-10.13313426199229,-4.691542929576569
2625384.0,-26.614201367283506,-0.3697767507029157,11.776528085430648
646012.0,17.704191988744146,7.78314584353442,-1.536102404812387
1378550.0,40.484930546306806,-21.611345780600463,5.013273674729168
11433472.0,30.307537249806494,-4.311157339591174,24.737534982427697
5972619.0,-29.05582407116367,-4.958848850523186,-2.863680792166358
2692541.0,-36.02097919860192,-6.79700416523045,-0.13193480974869187
3503556.0,-32.85861612323055,-45.93386761602317,11.338521088794742
2330533.0,-8.749137586897154,-14.389334620447622,-18.579846739458983
2512262.0,-35.38939494716863,-16.390145356304444,5.09816565502231
9951020.0,48.62379813527383,-74.08768298836151,5.1552548643889
7689662.0,-28.678580632288085,16.990874544885394,10.221076528262431
2888447.0,39.34041490905024,15.827594527714062,4.100278428926362
4503949.0,37.21838584228264,-6.162829407169347,2.353217211767587
4492884.0,38.10682739631506,-5.567491063004368,1.4717726427989106
3499477.0,-32.25060616055323,-46.48827145130379,11.135244076448853
7208992.0,-37.07800465675708,-21.644758382739482,8.601473874772875
7649105.0,33.78645727473711,-27.71502804815845,1.0141973346883368
6685253.0,-3.079621340000394,6.0279560772104945,-1.7812409768519444
59965810.0,-33.39590522421697,-46.112271725672514,9.168807985200933
102912.0,-28.87249334978697,-2.4829592046554163,6.931059722768702
4548716.0,35.694251921415386,5.973701708628367,0.395380415704254
1720026.0,43.840275349144584,12.526258526362426,18.034144047079586
58791753.0,-7.705251329863204,-46.32430206715129,17.77572440707121
2055630.0,39.81515618515981,-77.0441394074333,14.030430828955406
2527429.0,-37.28728950362436,-36.34896239782945,24.889025415949067
2694961.0,-36.012480284970025,-6.416710189127169,-0.23318194902991474
2097671.0,14.826958157344194,6.920359935962564,-27.659622148898197
6876476.0,-7.412151807458012,-1.9329048170742658,16.993897126318004
56233621.0,61.23790310393996,-82.30354296761962,-26.343589094171264
2969232.0,43.88546521772279,1.3033080988920136,12.841325561311105
7687431.0,-28.932760271558923,17.415826805873074,10.242571666657293
3490512.0,-32.6933283730269,-46.193957701467696,11.637279552909275
56265394.0,45.29979964242739,-0.22247187700536553,-6.556799939641896
15100430.0,61.17886060095571,-82.23791131981125,-26.2012634544615
1728505.0,38.891243020845835,-65.7844353178125,28.928175370209825
995081.0,8.50709864449451,11.396230635496057,15.89497095076338
1379025.0,40.99186025072685,-21.79193538403341,5.51576558073318
5332232.0,47.16905933449741,-37.981397425403266,-28.010510990508607
59120757.0,38.47775856362247,-18.846978219003464,7.766650838296902
3498103.0,-33.327036506666445,-45.54373006521666,11.864960120954645
54435289.0,37.339209522804246,-37.85339138230002,18.70359263837907
1386561.0,44.93574693794326,-15.684725681157108,19.62137695707245
2692298.0,-36.515587043831296,-6.575058357892149,-0.5620206007424717
1047438.0,35.77706805132272,-47.36348116252674,18.70500485249645
1020510.0,-26.64641446765082,2.222541302825963,16.984774725114104
2042452.0,25.904276457538487,-32.615642001889725,18.739433632389886
18407464.0,-2.3563642809776426,-79.57005533514244,-12.605655567330096
3500176.0,-33.169151168131414,-45.051239062285546,9.990697651758408
4505486.0,37.457534018856315,-5.476639511490839,1.7242420987748628
1016273.0,13.516054003535203,7.943838931483393,-7.802224539158674
2345002.0,30.060114583075052,-44.26307364259788,-2.698179912584731
7187571.0,46.46578144047531,-39.59179931043209,-11.961012104098854
4502085.0,37.49054026488585,-4.483313702226855,1.6401773404805602
4546731.0,35.617784403058295,7.331262135439596,-0.6606170713919144
83918.0,-22.59756486165953,-1.7403112370045855,7.425787535311898
103526.0,-28.071495387132,-2.8934473151909903,7.333799260376478
9544192.0,-32.44903617069486,-46.48473400019539,11.392114603989185
1395821.0,-0.8180887731819841,10.252265786830069,29.696646391380465
2072304.0,12.727985849259618,8.828623517532476,-16.636226405299446
3555563.0,13.260801865995196,-79.13394454316294,-15.075618143575628
6634431.0,13.783867436698937,-47.228712925907594,-3.859058665591869
7221218.0,22.873166425233215,-0.24107834777249515,20.886194541269727
3494996.0,-31.853795145597886,-46.65697865583611,11.073502847541462
2761174.0,35.82767227121741,-48.89281898363817,15.056134608931737
6295976.0,-6.113192969422061,-74.8448741762802,-26.720626468259972
4569353.0,21.83754265020623,-51.4782064518655,-16.87421750107908
6626725.0,31.897285039265743,-53.25896310938203,25.958280393798713
1343934.0,54.15283176457725,-36.534782998181086,24.803107355328066
10055906.0,15.780978146049668,-37.887719534269614,1.3965785377133848
3550458.0,13.279505257987797,-79.45523237256283,-14.999499912277445
7161833.0,-19.45966048736035,-3.2120621190459837,3.226334801770842
7647460.0,33.63199485941628,-28.25856021199174,1.5358706132381963
59269259.0,57.40362942581615,-81.6078038954458,11.416968135475349
5331613.0,46.98432887555938,-38.63117889018297,-28.579658675950185
16642429.0,38.528675856026496,-53.89485179025576,14.859614117565613
1736680.0,32.10831048380673,-35.22527708699165,-1.3386357904811987
6253175.0,-3.5548417174952958,-6.441688011509466,0.862625029000337
7640887.0,-29.081936000292124,-65.60800897214318,19.392391054545016
49619497.0,-30.93544397553389,-0.1359142987104469,7.410419453090463
2873256.0,-7.163926733364677,-20.231337601327656,3.4279290488457415
3508741.0,-33.01733517165028,-44.44607023497326,10.311841515300769
70222.0,-26.04277719908218,-3.3921079466815716,6.009733521741763
2509140.0,-6.94011210695275,2.9733406864735663,0.24299730162486854
98765.0,-24.46950477792352,-2.329907936718005,6.71080615448747
61912703.0,36.22662691400158,8.37008130679269,-0.5457499997720587
15850048.0,-23.072755640323834,-50.81939684408382,-29.16186194783045
4538325.0,35.55782298961489,6.179162975846768,-0.02030073078880701
2664440.0,-35.37656959361414,-6.846821661904502,0.2915217771142813
8693116.0,34.92281664296935,-8.779971851468384,26.70955016564308
6596584.0,-27.690375311089486,-4.4142268780923475,2.569218803507457
62020536.0,33.09854885566702,-55.181348993583576,-8.960624998551774
59447031.0,9.252081282214403,-73.47266384499285,-25.028123601010662
5999951.0,-7.478581567126026,-2.0683212746185395,15.941054619042287
7663090.0,-35.149468883292,-29.302120552115465,5.57787615029911
59390079.0,47.372543193108186,-53.0655678642097,12.658245310526425
1341493.0,37.036308488766274,-36.961780495909366,18.892761075345735
3044901.0,28.934532546008533,-54.13418794289216,12.040057259042669
49623622.0,-23.40282446142788,-1.32566287124817,6.80776532873235
58656509.0,53.823312896209146,-12.533629390778014,11.163107217571739
11596120.0,-18.181366166302,-46.25304023743229,-23.982449478307643
3565377.0,13.585602598967625,-79.82812473438146,-15.049902048296655
59305310.0,45.15227305969696,-40.67310595408575,-27.92036793331225
2695327.0,-35.80441161365516,-6.110741530514993,-1.4695345985471704
101961.0,-25.869589971964206,-3.07291457634709,6.118158451064815
3505408.0,-34.096170113202206,-45.204540288189754,12.446782650702325
7149977.0,-1.3705431958780836,-75.48476798417377,-28.620054781922207
2813386.0,50.67851547209762,-41.25631544611815,-19.464903997883432
2677722.0,-35.287023566994975,-7.464732714916733,1.613605362294137
3563321.0,13.548793282108035,-78.40712943652389,-14.990984040599464
2707068.0,-36.618820166515775,-7.8765271122748315,-0.19544188479100377
1782387.0,21.622212840105284,-43.66609570945362,-1.8753629782211192
1343479.0,53.942616614193454,-36.401066947032156,24.68579585095083
15951887.0,-39.566207225931684,-58.96513070960915,-5.803420729161487
2956598.0,-40.63760584892745,-18.828900268274168,5.120181540309427
16914856.0,58.242910036531626,-38.648154055493144,-23.75933988599057
996146.0,8.406493350599032,11.51046248778962,15.745891384994668
2509878.0,22.463367494984553,-33.11631392466073,22.622646025978057
3566213.0,13.751083355073138,-79.82731997091786,-14.874858553733826
2526664.0,-37.680548642372244,-36.103349420520765,24.333019424278294
94651.0,-26.052135984040603,-2.9368373717187697,5.729224436218407
3504778.0,-33.38417058151721,-45.7922780565856,10.852990801898764
2110585.0,23.349355504547454,-74.34332360340467,-11.062094681491388
2324074.0,9.346994145030726,-18.93440412461453,6.677221011381102
3006005.0,-27.649514126963428,0.560080505569655,10.313853382565322
2829357.0,-28.607818629371273,-55.94100477128377,22.53597469987429
4549330.0,35.67875404422874,7.694805774300402,-0.34966688689866077
3494534.0,-33.07189344836766,-46.285784242870726,11.809110342709019
6894498.0,-22.863170359844094,-2.182427257839884,4.7718892717539445
6917729.0,11.49593109177918,-79.39654289615214,-17.520930777804942
7631393.0,59.35026955355343,-11.695194358559787,-1.8041434673862646
2542280.0,56.41592661078392,-30.60773786849989,23.0760707646097
1386810.0,44.16613023134345,-15.655505086580039,20.036613805226658
54392951.0,45.139996221819345,-52.946326352661494,-25.848948789889796
1711160.0,20.211550682903887,-69.78738274578222,-11.97756311337251
601499.0,19.877073563397527,-37.986540564925726,0.5176071704175156
5331319.0,47.44377299269517,-39.01048195485816,-27.730553870125068
17228327.0,19.107859170036715,-41.65849600860055,-1.193480762729803
999959.0,-38.3299504062847,-24.19866958183158,9.642754707050752
2658206.0,-35.64622612589502,-7.859258019747015,1.211777797836143
17774754.0,-32.19722668835202,-24.419364789272766,17.60524464475643
7626681.0,3.918412994211048,-6.15380467974796,-8.756544971482503
7676389.0,45.79025219597898,-36.90736726017428,-14.150639780515302
2073201.0,45.401358549196665,-0.19084283315544348,-6.694761633680391
7214616.0,36.87399302048401,-31.948981742570563,20.21644161425467
3495689.0,-32.4882800240503,-45.866686609126646,10.848276816814607
4497264.0,36.811266711874424,-5.606211631020797,1.8546910190152985
590167.0,38.16354565347678,-17.562922408170873,26.371191718377414
2069867.0,-6.389457520353743,10.533353428286198,-7.78324465178884
4504160.0,39.357383700022815,-6.832172649765919,3.145037107134165
5970567.0,-28.606481654621945,-4.356215840131887,-1.6255528315931445
3566804.0,12.450308349213719,-79.33554419473802,-15.494275329791268
59363707.0,11.461796106580945,-15.19895854740767,1.964542593895238
4539986.0,35.275082787543205,6.824179143464313,-0.08165585074172821
1054030.0,15.667080678527338,-26.72133969364866,4.335106710362051
5824947.0,16.424397284557994,-81.87826022956378,-12.966500930589582
978197.0,21.464022254713157,-54.79016918779644,-15.070955824136844
2683911.0,-33.72696004649815,-5.976472197480977,0.4660095680552021
632321.0,51.18161034431411,-27.59060659649483,-25.210500730266013
3504271.0,-33.06272749791259,-46.83086704016274,11.55023957566334
7147593.0,-1.756964345751836,-75.33324957823149,-29.518278078198232
2512616.0,-35.77817540388075,-16.55392714879102,4.943065053406445
3142703.0,13.412718352049033,-79.7617609516584,-14.942786601330699
2827834.0,-18.955193175441337,-54.0153937411722,19.69876693610044
2513262.0,0.96976750359528,-61.70879329023123,14.948926039607063
2299896.0,8.038550795294846,14.975548506677944,13.37540709655024
92238.0,-27.584407335115607,-2.964739611145199,6.803125854834558
2072544.0,12.624549044657424,9.044424357892739,-17.002324707096232
2515232.0,44.41559015660021,-35.21450644295692,23.24531101198819
2354217.0,-23.160111782843483,-50.901332623635135,-29.21421157493901
2443378.0,-37.003201977223014,7.079585061933069,-4.223321556698174
3026805.0,20.720715098317694,-10.888488828205414,-16.996479252826266
5284511.0,21.74775348226084,-51.83866104641046,-17.308248504933772
1714496.0,37.611357733776124,8.98741009548398,4.646787084242317
1730717.0,13.86741375770682,-59.7957434845647,-8.59386075654449
65696.0,-23.616558212961184,-1.591666647849951,6.634462831017837
5327709.0,47.02232603369032,-38.2189654455071,-27.85859087872137
7648179.0,33.69005752938469,-28.437776327885746,1.7435438148362987
7642580.0,-28.552302544084725,-67.30346937989414,19.105728582622447
2997887.0,-0.7419971754941114,2.55902001302565,-4.262865430487939
4492585.0,37.566623570407366,-4.665485579473849,2.6466886616937018
2689152.0,-37.991973643153464,-9.824408396377653,0.22774294517818783
3560782.0,11.382665755155488,-79.08178057589102,-14.70194593638249
6627377.0,32.39059626122317,-53.74229992776844,25.711627028078787
969001.0,33.7554770072773,-4.950743296208826,8.587852228126962
2923017.0,-16.488893223725977,6.3109767302660185,19.75415867763377
1338946.0,34.32867323927216,-5.569345725705588,-0.6337714280565656
17286691.0,47.73681428289431,-22.253645865933432,-2.339475178522111
7186799.0,46.82039280511001,-39.86794856876707,-12.078695942593978
2707455.0,-35.90802652490545,-7.029621504188957,-0.66819711412897
2422863.0,49.715514427054416,5.749168706277855,0.7310517112637567
2319067.0,13.976884404052143,-73.72267962787335,-21.25201091506043
6763046.0,16.976491559121566,11.552301069297876,-23.794803046798485
101429.0,-30.178113708515713,-0.82399528908632,6.773381998572644
7697355.0,47.97614199677919,-81.96869528248054,-1.4714785067541563
3025200.0,52.26204020435114,-60.2322321190023,13.323178231619478
2681530.0,-34.41816269148494,-7.276664897827949,0.004429135846771182
4499395.0,37.82902138476824,-4.732946620305287,2.4873061427507963
5286548.0,19.524136881766076,-50.377648650431524,-16.59422797948297
1020347.0,-26.840912424100082,2.0153020396743773,16.706969601564424
2447759.0,-11.55337338238942,12.998769307907775,-11.582634834397897
2099997.0,-31.5246723505713,7.020105718042833,8.680230956562212
1726762.0,41.64174538384877,2.4144465985617827,0.06693300831301974
2568621.0,36.71085133261835,-24.997775371835417,2.805543528391314
220163.0,-13.274495568894434,-2.5496679511916076,13.702341000750302
6155356.0,-34.67865014184385,-7.967086479996992,1.718295898147503
6597157.0,-27.80164728017769,-4.058963996609043,2.262640900352858
2871986.0,20.329656560417178,8.515768300351073,-12.355469336077025
977542.0,21.02937871302807,-54.797138706390456,-14.74525102735912
7206719.0,-37.2509955598926,-21.872632071704523,8.582618302020464
2497897.0,-21.29166224148293,-1.2528876794484933,10.25660438456499
968061.0,33.83882590410682,-4.905662975149504,7.842285280519645
1379447.0,50.56290483676201,-15.187826808749557,9.552502546209084
7146946.0,-1.7424827037820485,-75.36634667812767,-29.052791357566672
2690814.0,-36.2487206979513,-7.370206067675707,1.0976336759343908
10950802.0,5.4888327767623,-8.42938823787103,-6.286395627102769
10458692.0,-30.934703514441267,-30.713228234011147,6.812658682784322
3500645.0,-35.50641252501586,-44.62655141386068,14.46251791725299
2659780.0,-34.569570084557775,-6.139426348483202,0.3371777803463609
2810037.0,1.1839915590213597,-10.776123157019105,2.0954769082288065
2909219.0,-22.988117989510314,-40.27983625922935,12.922662572847129
988069.0,51.3191477843836,-67.55553193806001,4.835501783443687
2468142.0,-16.275744042202202,13.590870992061996,-11.269067012370332
4545234.0,35.677926645991036,7.389978375956068,-0.7316332626135633
3034632.0,-13.780021044160943,-75.79122879989616,-18.253699695805736
4501823.0,36.66276172360984,-5.878143009735418,2.763069442199661
59264572.0,28.635050668872182,-33.34300025283827,-0.2329679877780766
249627.0,57.36723962226035,-9.696146441825686,10.937169042433347
1759528.0,-36.110901690336696,-13.475423212265804,-0.22852026695993022
5997107.0,-7.287943232003831,-2.4979662369185682,16.897671918413902
2685967.0,-35.64573972876224,-6.700646102249461,-0.7515764951315238
6966178.0,-35.01438770117087,-47.29972216998661,9.968248178518369
7179397.0,30.24541742964043,-46.13148221233803,-2.9015793270020893
3079909.0,48.834090380116905,-41.08199644530173,16.81120219217836
3060120.0,-28.592735436370113,14.850531129280892,11.892980823670877
2431795.0,47.4467845299861,-73.27237480677297,-5.427926626130452
2527975.0,-17.34201118386295,-66.04662434647088,27.76045333732553
2392924.0,39.73991248506989,-70.74662626999606,10.945213607389459
98562.0,-29.809725451419755,0.32880047185361616,6.039719067892121
2351022.0,20.144087472040475,-83.61832256146035,-17.37774704195032
64010.0,-23.44326883168666,-1.72769793453838,7.018697944530884
5865153.0,-28.536380898879408,-4.435036319002352,1.2477959666234852
972858.0,18.780167305016473,1.635614630159147,-18.895705201396975
973539.0,19.36227944059931,1.3136130753987922,-19.201665330036473
2683321.0,-35.49526840630276,-8.267167580517418,0.4191250094040022
6000755.0,-7.475751834272421,-2.401825311580462,16.58629792642027
2687247.0,-34.87675090520641,-5.8468915273428905,0.45049510955190364
4487160.0,37.513703041758525,-4.468874830326628,2.8254127217507916
3075172.0,4.16704123129621,-39.89876291190233,-6.275678037865046
2094645.0,47.34026390256969,14.312929686328633,-22.02026949352452
7156863.0,8.602731094860454,-69.74115610147028,-28.17256598083428
6615741.0,38.691525841024685,-80.02391253753915,7.876566485479396
3551547.0,13.617588111100183,-79.14510093373977,-14.792782548801593
4491181.0,37.0353185669898,-3.446187939449761,3.224818857000203
5328984.0,46.440605489402365,-38.918176244389706,-28.108724357958515
2679047.0,-35.725338650949816,-6.1640694952844415,-1.5974524129068046
6002618.0,-6.994690056330782,-2.6085791041256012,15.78241573364024
8561939.0,-36.623585985899155,-43.491631517759465,16.328015753182484
4493255.0,37.232857792591574,-5.5914238850487274,1.8761875528014795
9617796.0,-10.113592480955834,-9.562112374293495,17.423677795955147
6596945.0,-27.546196765718925,-4.164126284239932,2.5794171683149547
3561073.0,13.493463935446918,-79.21178633467271,-14.674338478136576
1352401.0,-8.42502476149902,-5.39923967178032,2.195144753055311
9204520.0,-2.2250019605323064,16.0695566711274,17.603225010139344
7653318.0,55.083044257196406,-61.3478581177579,13.154384264037295
68767.0,-25.9873780388474,-3.5268195456534115,6.08907194819913
2681014.0,-35.938439434426336,-7.255948218430248,0.842744065626877
8964993.0,-36.93499880132669,-68.09028841003577,-17.91139039158318
5329321.0,47.33338584111895,-38.2851818392037,-28.460156831295464
1036335.0,45.56339278207451,-52.9656770665343,-26.087101990944724
4489965.0,36.2145735200219,-4.060741692246572,3.4403255352888387
7669197.0,27.88844818803553,-53.15153480384692,-12.570163517005698
2363354.0,42.31344218091749,16.001622129560367,20.014889437778393
2109299.0,-1.618730750582329,-7.040480539263142,-1.7325354883948183
6239476.0,16.120631150293743,9.796376443881908,-25.373421096576166
2834985.0,-4.4986439942669625,15.472051016671536,-14.433439293089503
29858303.0,-27.446315379457598,-50.96388740083416,20.63108802269012
2685842.0,-34.758128292796975,-7.336707207987667,0.4879562241390367
1364831.0,-35.63976613366566,-23.092522482900456,4.260092077840252
5284133.0,19.630608134514482,-50.275698391135,-16.77617030156488
3030843.0,-5.43275375614712,3.808168945051302,-1.2916517429343735
599895.0,19.25560786914174,-37.69072511410674,1.028550115910397
3488685.0,-32.83746234007705,-46.41958026972746,12.19272686671703
2513524.0,53.38709580998753,-14.602128745922451,8.719832110910117
1748367.0,4.96117313951261,-42.525015623838804,23.46308044284334
6617793.0,38.816741952773825,-80.38006448837683,7.7820446084973876
11863802.0,-40.667462990043475,-7.104259533129211,-0.18765334385091892
3496550.0,-32.57947436164509,-46.51022657599902,11.612280346602628
2617106.0,35.50173776900703,-59.16689660545904,-5.986930405490217
17974616.0,-38.47728465720513,-49.651159005250854,21.118614576653563
2053637.0,44.844776961122854,-16.751353863969978,16.616576687044066
58831525.0,40.47102523642195,-65.64803676344903,18.532772605835664
2367434.0,36.50469659288821,-51.84788338197594,12.229073201462883
50568935.0,22.81338779202721,0.0674644903250401,20.783936009543787
2964671.0,-11.526499301734741,-2.9442650509026564,3.835443319605057
5838357.0,15.097568251163347,-81.5576188244763,-14.181482200947833
56736573.0,-31.351039083323176,7.483572372023818,8.713636562040993
91048.0,-24.036326378198368,-1.754036877843441,7.376284212277683
6334790.0,13.076984454252393,-76.71431794569948,-15.391338740243617
6626298.0,32.87593589171134,-52.90493280561074,24.027015093038585
2506089.0,13.087377314941337,-57.233136493892026,-25.3841928861861
3563576.0,13.710375225339586,-79.84092709452999,-15.428065890021418
6104687.0,-28.918161754338584,0.48100745009074,5.358101627531417
3487175.0,-32.77370263170344,-46.40419470553541,11.673186742367998
2689964.0,-35.071323885505926,-6.518446988081099,0.517968397980836
3012725.0,51.62332362099111,-16.38159635969907,20.874313804690516
3477851.0,-32.75457248407486,-46.325238116843096,11.677867746830739
2676051.0,-39.094499893280386,-8.812322440925113,0.09576663805242758
2325005.0,33.586177601345035,-81.20093956564062,1.807133671563971
2688863.0,-35.19518545618912,-5.073574456021374,0.5424262518268828
1043441.0,-34.41867220842871,-32.661561365025634,6.401179753449284
7681567.0,44.95793191116236,-21.358438696202892,1.9389334199398789
4209798.0,58.974627739072744,-4.708594465083934,4.1420715574029305
2689509.0,-38.63031151226765,-8.553691142142867,0.7541824131011441
2525229.0,37.07910649841244,-39.04172415474239,14.987021087152641
2981834.0,-37.999435666498464,-49.65972372873397,-27.0388039523128
2384245.0,-34.91471345892929,-21.2317766432074,2.722820221753431
2874286.0,19.455087159833052,-7.763475759830554,-10.039485218226876
154676.0,34.45912848418151,-30.23339383294757,22.06466130977357
5309323.0,33.29240652154467,-55.09217930169914,-8.737627659583998
1000518.0,-38.60186025590785,-24.22153099751777,9.997907960683573
3544703.0,13.15121811666529,-79.27618903008594,-14.953356214526151
2351924.0,57.75510081962089,-6.398278221988487,12.599983011502294
155670.0,33.65290094008549,-29.756437981475873,21.848455041157685
237847.0,-39.31930075515974,-55.979651578514655,26.981168080718902
6606421.0,39.71039203803766,-66.8409200249385,24.371264472095557
2679698.0,-35.11375149463522,-6.324612536440463,0.0675321437108809
2651135.0,-35.439404953618414,-6.646941349462683,0.12699133816362984
4541957.0,35.43921060218966,7.507456523092309,-0.3998206724270936
93676.0,-28.650084494476875,-1.6738681788615815,6.460356351350433
18596331.0,-38.92198889202999,-8.440263731425988,0.3811495314762059
3496837.0,-32.13443470226986,-43.80667970804335,10.919690246590148
10412539.0,-5.911590778247936,8.891145478671152,29.65667317600528
5283967.0,19.81662035080041,-51.26454089464499,-16.798906639671706
3038840.0,55.00813488373332,-34.84685621959217,23.63207721552238
5967174.0,-28.226684719465805,-5.0405372109965265,-2.498541783048971
3150932.0,52.708409056593084,-26.851451489906633,-21.118597249569298
2822940.0,-9.842110151973085,-39.25729962571548,25.98441062134664
1764571.0,-0.4318604411600875,-50.94065618297002,16.090321942232915
1020160.0,-26.626098672700607,2.059103557179245,16.750038373011456
977007.0,21.16938670090162,-54.748514271454155,-14.981268563906143
3507936.0,-32.34501415887303,-44.56731139018247,10.899329871079583
3028628.0,56.80229692634956,8.26909157592997,21.11702902891548
4494244.0,36.99691476172747,-4.9532935823874595,2.7978609110234176
2936336.0,51.85185646562786,-80.84581649638837,-17.694140644093036
575831.0,15.879471007621133,-85.00999665276092,-29.65502420991576
7627317.0,3.8881975294689872,-6.3526236357019705,-8.96247951758096
2648882.0,-35.146451266591384,-6.515458476667201,0.017528589807302097
7641660.0,-28.98133105759655,-66.14313435860203,20.57882371226204
4545454.0,35.41780865185382,8.115110164968405,-0.3215672348633971
89484.0,-29.511956163390987,-1.0751709099378837,7.191487879172555
2736232.0,-15.565368545682436,-15.793959911830743,-12.950140037971511
4501640.0,38.825878356238555,-5.289509009352553,2.0449549355126946
3154244.0,-34.13448978782201,-35.65631311150349,6.939248644786513
2641811.0,-37.40139218430349,-5.218657483258958,3.311116302641609
2388360.0,34.06579148826805,14.039184915737557,-17.908302816609456
3121594.0,48.747499061466385,-66.29809338622746,-4.711417844239602
2810806.0,-25.2996251472287,-16.5257979134851,25.174946770294266
6218902.0,-23.063795025647256,-1.5718831268521496,9.192513283229339
7186177.0,46.26836357301527,-38.76457139805629,-12.187712710919644
2810484.0,35.42371407631506,-24.522573992017836,-27.71252868108379
5330081.0,45.95746917461307,-39.62010278865048,-27.102005897087277
3139064.0,15.43863452234788,11.562606174303976,16.300325449539173
4539742.0,35.64864086626257,7.13452238984676,-0.1274642735950815
5310602.0,32.98755376316335,-55.19459771815415,-8.943878957636025
2911259.0,38.283811564377075,-35.37800139075636,13.03141329989321
1361870.0,-2.8862444108190255,-54.73879369751938,8.487525349900723
6773410.0,-33.78819357634327,-47.77152627722823,11.267217916204146
2900935.0,1.8931827426647818,-66.66521112276405,14.156935022338043
49643618.0,-30.011818441762777,0.03495326785932551,6.07225446928744
4974512.0,14.709498974977496,10.864145874914058,-25.546560018671975
81652.0,-25.532118063613257,-3.5736568718709796,5.818973993996211
3492210.0,-33.148480213065454,-46.90777995156713,11.803634555790143
2095199.0,47.12483824367412,14.059193171432359,-21.676451560567678
1725803.0,41.34851135042298,2.404294898698246,0.08802960213121525
7219851.0,23.31692424898483,-0.08835045073008319,20.54989735743787
2520794.0,-37.53435821182955,-32.478099838096,17.384988501207175
601021.0,19.188777911560507,-37.42252330580837,1.0460516203079457
1036600.0,44.88702717295239,-52.76782563017164,-25.686969145476702
1051405.0,-39.4636565406932,-54.54429709808905,27.962037753390483
4547254.0,36.127032356172535,8.187907159939314,-0.6027881043870926
5717565.0,38.66016462179112,13.784011721964221,4.884806401751097
1420696.0,5.542330776936363,8.021983667926154,1.1279841111767406
1397040.0,-23.255349311219906,-56.543033301554146,26.869806596935682
7169496.0,44.88254194955259,-0.24450897493274515,-1.4949433100543175
58801179.0,19.052200420546097,-62.292445261004936,22.421137926841105
2683106.0,-39.46929255280201,-8.633880234636653,0.4727160615213859
2366209.0,-1.1477047579652275,-20.582007607365608,2.8031535968063075
88286.0,-23.470685563221515,-1.3357301541785267,7.28564318079054
1753364.0,43.2310209689647,-34.26329591123635,20.657598857142442
4538787.0,36.418528756681525,9.165871789132593,-0.25804709312480156
2777910.0,-33.13035433152234,-25.437082688606317,-22.473100185703007
56745497.0,21.218171275102243,-43.498077232537725,-16.162927848162877
2672856.0,-35.33766007270338,-7.251573202963288,-0.011121969114324948
6618309.0,38.39481813748993,-80.04870191339296,8.072072968899153
56727112.0,47.18000054863324,14.078727250516016,-21.52023215024056
2117332.0,36.40503916988346,5.4163809895593,4.496981361044561
7669452.0,27.518071016535657,-52.63741458765238,-12.586569142773405
58786999.0,48.14579194092784,-35.13113676141562,22.707851656958734
3499113.0,-34.03977980374655,-44.53167090901904,10.342708363990205
2058630.0,39.70286585442127,-45.586373884150575,-29.96717402029364
4503417.0,36.2718070116697,-6.221816196427746,1.4926171776097776
7203601.0,53.67155832461791,-17.31129346897142,16.806471134459834
4495543.0,36.73443898421672,-5.975416871545926,2.097836486683801
13869651.0,4.052798293948904,-15.58516683590518,-20.518986241140123
153309.0,34.61513972580647,-30.13992110791729,21.9951640467911
29528837.0,30.21371182050089,-10.424048663702973,-24.276153565247384
2527140.0,-37.65098281426186,-36.16695338070903,24.309012614603436
7157217.0,8.822423141599767,-70.5600078644585,-27.850149173222444
1389153.0,-24.335444754195294,1.7687015780828137,13.35691974549456
5307531.0,33.060772948847784,-55.20062568916775,-8.974550805219213
2894966.0,19.48607044145828,4.050697114214179,7.515468227457941
634829.0,26.92941178212548,-79.7320451638969,-10.029182133761218
225335.0,-24.852759839473574,-9.04664727325752,-19.805175285454013
6124394.0,27.802298771355122,-80.08011296218335,-10.455255852586863
5277014.0,19.533673729575924,-50.15273200888207,-16.322102023025373
84321.0,-25.864894303260133,-3.99425740464246,5.822598455726949
2102775.0,1.4592806748653693,-81.55481015888303,-9.328219348806407
2320251.0,26.601856940697058,-10.459081770828789,-17.43461007848774
2055455.0,39.71480537200498,-77.5965362145367,13.893918076752012
2307390.0,-13.039816556056191,-77.13040897130585,-14.033855925449338
1698883.0,2.081138575422566,-3.1993179093853694,-6.126709218456306
93984.0,-26.15138827372625,-3.368760852904114,5.583092728851767
6128036.0,-32.85296898526746,-43.22804785451845,12.825332004441151
7648918.0,33.49683069218005,-27.41452782451575,1.5722205329480587
3537758.0,13.344626119470718,-79.58487981680442,-15.203846113629552
21355632.0,-30.78075633889136,-0.2243653002380408,7.220513317489964
2569858.0,30.848123537040202,-39.82354947772525,-2.388268254717749
2682635.0,-39.52400700020222,-8.532008414454236,-0.182948999946968
7648580.0,32.5703572234861,-29.007845738486495,1.764497479645132
6594957.0,-26.90864370361522,-4.423397180223222,2.9112975436299378
2555077.0,-15.3417934994015,-10.922262862441821,-12.600869589419604
3467012.0,-32.88567221981016,-46.19473247162186,11.818109436440245
3501548.0,-33.153946198815426,-47.25004991498997,11.261130795718095
4566939.0,22.743816759326307,-51.2992045994981,-17.04192627111111
4490588.0,37.97143281292108,-5.355084938730959,1.8758826353241145
1754073.0,42.77362050902504,-34.091849062299545,20.751171442132005
1764774.0,-0.3389017765098066,-49.940461110539715,16.817842975810347
56099343.0,-35.45182516744165,-6.653741484317776,-0.03742085590754174
2736855.0,14.473376601238801,-5.282143713651502,-14.354585422946164
6426618.0,15.799426165146691,-79.81166832369428,-12.034794968926157
5373264.0,15.717376028515334,11.0615439170355,-24.65272820923605
5379243.0,16.169585157490157,11.772801620346723,-23.431532914161068
1023905.0,-37.508704228987604,9.189359136813977,-7.248473016381833
2735295.0,53.87344130218215,-12.3886539947285,11.076136358159573
1386053.0,44.88070744735807,-15.07426671776164,19.837774002621252
7202595.0,53.78284004714188,-17.504176399631792,17.071990465100676
2893580.0,-35.278973087630625,-45.862455613298735,18.777324949621217
7203382.0,53.41624030814914,-17.67496042950964,16.757489632233515
6625914.0,32.403053035928075,-53.78107903169386,25.98806248455226
3485442.0,-32.6942340040945,-46.31975148613818,11.998211462875194
6595455.0,-27.610937292043385,-4.518199037211832,2.595128686705033
2955835.0,25.536549221320293,8.549360846636912,0.5062373830039757
7623328.0,34.78525620176968,-51.00930806450613,20.445590322037546
238591.0,-38.83733439267704,-56.555476688762894,26.745926758373553
5316376.0,33.380152219754095,-54.85918727232531,-9.074223007851035
5378555.0,16.601168007721554,11.09864023446072,-23.90507356572058
3419761.0,-32.695140589012574,-46.21456654564387,11.514799830836825
2054614.0,60.89358313445862,-82.1792002232033,-26.33754012743432
6369844.0,-29.699901359121323,16.731341803350208,9.1072128424947
4544968.0,35.87582657073266,9.481817185849405,-1.2647041620831394
59645155.0,40.02746105663269,-31.495575064914238,19.62872367220144
2051379.0,6.609939323292464,-15.33666902507753,4.595852056223741
5324031.0,47.10479637439208,-38.71678939217358,-28.20310806884683
2675801.0,-39.54120309311218,-8.60137922039261,0.17824615585568138
2465100.0,-31.094808274578877,-27.482550791562716,-13.767610269999897
5314876.0,32.11264625894946,-54.721900798285965,-8.801682575620237
2787676.0,45.9378741826669,-34.752835778003366,22.175596975357593
59151468.0,31.418125203121775,-79.546209430342,-16.02392865515302
2499445.0,-5.237163341847182,-19.345127745442277,-28.58054086797178
87813.0,-31.450067018021688,-1.2666203098209596,5.976040458926387
4541037.0,35.16930429121482,7.008878109606927,0.06693103367729636
2473291.0,48.019914133003454,15.157926047389186,-18.317258683090564
1345093.0,-5.6360847830696175,-10.977728335709019,-0.8535827199844458
3567092.0,12.220543592271383,-79.83107270892727,-17.71844142037088
7182472.0,46.227856805043096,-39.14222005250822,-12.097866677150241
4491768.0,37.30086638340167,-5.255385689230427,1.8072365900511276
59192516.0,-39.809779487780496,-19.731348588261984,7.01402003307075
27953615.0,-27.46151293271802,1.8819128131578053,14.04433097199103
3553075.0,14.113413901129787,-79.64776543431532,-15.073498817030945
4535046.0,35.946724249899695,6.542107498245691,0.17164932432842628
5330789.0,46.4966932299816,-38.6397724640774,-27.993347709985304
74732.0,-23.489523792820854,-2.0502972585436536,6.532963005558183
50469495.0,9.427541421364179,-69.82689624765395,-27.92644987771581
2933951.0,3.3760566030158277,-27.915116703024083,-29.080711312101574
2497636.0,-21.457884847115885,-1.296558494119627,10.275376136335886
64720843.0,-27.541419227390833,-4.389395163342391,2.393164815858818
6403164.0,-34.25756363377916,-10.244490602216292,-0.22487307601216466
80395.0,-26.484138145438365,-3.4995779463688175,6.123606415389878
610185.0,-3.570998689484077,-6.997461157275231,0.6995761231015951
5998938.0,-6.909672648976237,-2.5356185136945752,16.743877145974956
215056.0,-7.149531294105374,-74.83561094015161,-25.727802798390037
219770.0,-14.087325726712715,-2.0440758997367254,15.086466378061466
4576044.0,23.11286280961833,-50.759645378334675,-16.527767174324552
2593986.0,53.14306111166639,-2.2530185207695066,2.540418299540352
2652477.0,-35.50709075405703,-6.2028819333229865,0.10870243232579657
3029754.0,-5.737350634404679,-38.759840885880806,-10.111343692526049
19099219.0,53.59197410623038,-17.598429957396668,16.737421824901638
1344878.0,-6.027734887243244,-11.13688683455428,-0.30544093177987075
7680777.0,44.937160620803624,-21.693028196642597,2.1823165042870496
6394370.0,17.656450260471612,-79.23042103148771,-14.01683088260862
6683985.0,-3.18273780436143,5.740051820361693,-1.577030477898004
2629465.0,24.177301531178166,-45.712259046966324,5.827653238903985
4499866.0,38.26341511385725,-3.2443550107188712,2.595784359057384
5282875.0,23.038705197084003,-51.04140065192037,-16.071678237226905
2366762.0,37.027206997005955,-51.85538133382519,11.861656033687941
6596234.0,-28.089719786666443,-4.798316640034482,2.8989301906305682
7682865.0,45.02880791969865,-20.969100078725553,1.3720336590148978
7640183.0,-29.036050892166095,-66.31128601150753,19.42912946075913
4500381.0,39.388486236284,-6.825586578239595,3.376902367621738
4486732.0,36.61120475434068,-5.57580783118057,1.7554664333772392
6608839.0,39.22966858581939,-66.54391284131931,25.41727567860864
216703.0,-6.710334025784787,-74.73744847043758,-25.644081311080203
975124.0,40.69586917942226,-9.543890250994075,-21.125276065152306
1714039.0,37.316550328171985,8.848720752485319,4.280899768972223
1040882.0,49.10474509752298,-15.223119022117423,-24.914865318195023
6681125.0,-3.0960470398870283,5.923291169024771,-1.9922609594192597
83396.0,-30.616756398820176,-0.7475825391280577,6.721755723270888
2681679.0,-33.44304090393355,-6.6279702404270004,0.6901558558343681
2800695.0,-35.74262332256452,-17.31231590992239,1.4667468171050604
1026926.0,26.584527081383047,7.285129901304119,-7.294597466085911
1748707.0,5.045967899374477,-42.72659530868384,23.775730712331058
2875289.0,-36.10648408234773,-16.667019749742387,0.059035990377255265
7178197.0,30.166529729361887,-46.374252791124164,-3.0822042446895583
9209862.0,-37.904223548164616,-49.68672319659565,-27.199823328610766
1401205.0,0.6590739263290815,-59.23404177971491,14.595923185126075
8902870.0,24.928834630560058,-34.71910573638704,-9.721595136794415
7676193.0,46.212240057231384,-36.70863976650552,-13.42230846520767
3482272.0,-33.15891461348906,-45.8527275676952,11.816348400171762
230783.0,18.928661960613265,-76.62874516999511,-15.45433798675297
9083329.0,4.569554107260699,-78.27929003717297,-16.7436898891806
5970785.0,-27.029760146922698,-4.490236039889718,-1.303878489625261
2552292.0,27.915490148742066,-30.775179178676265,23.44416929841072
4539289.0,35.36591255563316,7.021609389268896,-0.0973680288933072
2670937.0,-34.952179139195636,-6.074733508922629,-0.046529143790372984
2802657.0,33.025224724181506,-81.53478887451585,1.2672320960317371
59709762.0,-35.66437631334892,-69.71170514332032,-18.05864621816727
7627112.0,3.869226956016309,-5.896220686787079,-8.365975824295944
2049997.0,15.599259780173286,-75.01439993182937,-15.030986161384272
3473902.0,-32.781337543916976,-46.01782513547899,11.723317889960107
6636134.0,13.89713026043052,-46.70153468777795,-4.7980029764420316
3489428.0,-32.96127732494823,-47.75539389266271,10.511425899003633
3556347.0,11.105097048105224,-78.9822808974659,-14.274281725111543
2431993.0,47.241226167788916,-73.53600026380892,-5.12700127509898
7643515.0,-28.913315548322345,-65.28187122993373,18.77759383848671
7687116.0,-28.5505940566343,17.447792006942382,10.540982782830579
600336.0,19.34717962716527,-38.031312705598395,0.6263764547944692
2670338.0,-35.10013066499992,-6.2287820779818945,0.24376894557858453
8502244.0,44.04660990369068,-74.91105609112957,-0.3528934537012969
4534539.0,34.85196638647983,6.314732708237868,0.14509433328520904
645052.0,17.974072886351447,7.386350288000789,-1.2520615711767502
5317696.0,33.361031894180705,-55.64717123508384,-9.223917066461706
2433568.0,-38.01489274445682,-31.15627494988479,-17.40258548883202
2869365.0,-34.10500972789532,-78.62809016562997,-12.903243350161327
155195.0,34.604584687721776,-30.482361145800496,21.759539605271172
239455.0,-39.22065816808882,-58.18159574153558,26.42354191857731
7640528.0,-28.872024952277236,-66.86335953137626,19.85838230450201
2427021.0,26.891882985618235,-50.53280999054326,26.21245099707121
2631022.0,-35.569578732099714,-7.004529830371719,0.0609478112891364
6636664.0,14.069497171057678,-47.582251605520895,-4.695536160646836
3495398.0,-32.072785876860365,-45.77203073031412,12.130702154690512
3554637.0,10.605834042676609,-78.21262305432687,-14.456176984128799
5965713.0,-27.28411166714084,-4.693082208426367,-1.1646729187966476
7625298.0,3.92742554635626,-6.059917186707729,-8.750902987837533
3018084.0,50.81792282207882,-26.907734970436767,-0.051496797246257664
2579336.0,33.126645848304186,-50.53061502947256,0.46727463932123925
2701550.0,-37.59528385314223,-9.752002595662079,0.5980415435009667
3497377.0,-33.12820237707669,-47.44320671195249,10.937219700021359
3126035.0,-40.01832903532649,-57.34746327590674,3.576475452300142
2924884.0,49.95496841658513,-13.968207709555045,16.172878212800786
6592636.0,-27.4087406603374,-4.310287329020144,2.478823257628981
6605895.0,39.32070308026607,-66.9944531259959,24.615019472614186
2669248.0,-34.38866043466362,-6.247325458186391,-0.9942057172356065
7682309.0,45.54551164455934,-20.80253429533233,2.1618372712544884
6594197.0,-27.573887883445465,-4.4403597889206186,2.1152519753374146
82159.0,-31.29639056696015,1.3373349003978905,7.002346630157576
5280253.0,22.45901779799048,-51.489353514266895,-17.17844578686357
5996677.0,-6.651779903560293,-3.5959386167818854,17.670588148718917
5379051.0,15.233854966534425,11.26880090413321,-24.52628502956218
237273.0,-39.09427558484844,-57.750204706357025,26.904121081700595
1361318.0,-2.81701875566336,-54.25221723349109,8.313019450587838
2830128.0,-33.081919037964326,-19.591346934693743,3.778807340899999
1784083.0,36.948541787484565,-52.896576914594164,20.21467976600878
2854843.0,28.392166573512473,-79.72042602039886,-16.98461217056022
2815618.0,3.96197348588508,16.51127786501884,-7.619385585889882
1027093.0,26.73470104492284,6.881369567667144,-7.159640690079283
3429397.0,-34.26052751538639,-7.081788807616949,0.11569110390618187
5611258.0,35.26441691304132,-18.035468967628184,28.889850646745284
85139.0,-24.83486117059646,-1.374739116060092,7.144212881741415
236260.0,-38.9164789362446,-56.53178229561094,26.950129211209955
5007548.0,39.15221916571212,-79.9194447879456,7.497968842698388
4582776.0,19.54912081058019,-50.235446736401975,-16.09235343549379
237534.0,-39.2197235086673,-55.93097788931954,27.224238763046113
2958981.0,13.115729642990186,8.081167040341429,-19.20702605672419
7632943.0,59.13393830971927,-11.65327248493088,-2.7080825462276454
3283329.0,29.369636795048955,6.388596865678489,-5.434431362195807
2527634.0,-17.18198102529311,-66.16615695356852,27.968699376657742
1765256.0,-0.3046126547182809,-50.80043762416721,16.23544459698372
2777014.0,-10.951390185310549,-42.54735592636766,25.29877263356323
7641942.0,-28.606792928313517,-66.96192529452287,19.39313431260797
2079891.0,38.000542986991206,-73.48334412584619,0.6875630140275213
2080118.0,38.162769662364866,-73.78926138624206,1.1020140018886817
3565169.0,10.414994784468789,-79.35154500019772,-13.851993544797326
7185860.0,46.12832182525742,-39.02708865470179,-12.463819872089436
2395864.0,38.56111127956916,-23.35939260776349,23.065918011891746
5326396.0,47.01100750692746,-39.080899631077365,-27.657791332531016
1034275.0,18.34504524662905,-76.38473130067474,28.80070234763526
2546812.0,1.380215642148114,7.4524351043932615,27.306701844105223
6608501.0,38.82069858352593,-67.31252158850327,24.69106926355476
2553658.0,50.25491847588115,-3.109097201402427,12.305381292792003
2382778.0,9.712811845350698,8.468693632199438,-16.326620557563984
1776850.0,-34.896339814331576,-27.094819832849673,1.4219530403215048
58729058.0,-33.84432294798227,-32.65071066627392,6.835811108135057
86074.0,-25.211569550265875,-2.0310019894658304,6.238602035137827
2349836.0,20.151717863725608,-83.51518042145997,-17.268811955944372
7201969.0,53.18644587093708,-17.880415428533272,17.198006898387284
2113755.0,41.551563645646205,-78.21714910021278,3.8958178980925027
7155672.0,9.15391747650837,-69.47651036648229,-28.150929380742472
5328779.0,46.16593847873257,-39.537701720584614,-27.17311226956921
9929325.0,-13.679533940087587,-3.3619489998748335,5.052454458742178
6695811.0,41.966276755962035,-19.444848089371582,6.185154372279062
5326801.0,47.41555201380252,-38.161724934967154,-27.945553964832254
6695581.0,42.45844463017758,-19.813635791202515,7.908975621048317
2779690.0,36.667940356442216,-47.04032201826992,-8.14655897204707
3539991.0,13.744700288116768,-79.59288062319465,-14.733660664268049
16481407.0,-16.171740357482324,13.620077160993171,-10.949177131526861
99695.0,-31.87761134757166,0.1850409000003288,7.490865048184111
5940719.0,46.81045245482363,-39.568310232893595,-26.072605163336128
6101884.0,9.95277647517835,-80.62705097369788,-14.048651192726542
1352805.0,-8.145239019181808,-4.966953613604725,3.3504497292295676
4499693.0,38.88984401916748,-5.8932512843463005,2.995381369254651
56544.0,-31.104511540881724,-0.39768904353102674,7.281928657227576
2472914.0,48.18612378242468,15.204567183617959,-18.34085584924582
2371040.0,-39.64179956072505,-58.9802349293508,-6.117844811346748
3469438.0,-32.81427921793356,-45.755564669418206,11.621401951458994
2090628.0,32.29461588347688,-73.71665889848674,-21.608961225007736
4484049.0,36.81754796527763,-5.382248413461735,1.90792679267624
4489454.0,37.33049643111575,-5.5010547452620235,2.1228666425889076
6682469.0,-3.0849459120389615,5.579965478186858,-1.5879116558707365
1719819.0,44.05423048953168,12.971255449703591,17.688623157926937
7622448.0,35.51581838192439,-49.75406570689626,20.83424613710485
2488527.0,-16.645046055405132,10.898290180604778,18.562986539284047
2080334.0,37.89575511013021,-73.93218454894503,0.8231555404160122
6684370.0,-3.257296924283215,5.637552693175575,-1.5352010672928564
9639409.0,42.47175756416593,7.668113517358526,-27.40570492599089
5903357.0,38.2103533538189,7.747009417555434,-1.0667525204003212
59315646.0,-31.78490158372651,-50.573485179609236,14.257918384789118
2678431.0,-33.11320475076819,-7.474496360793779,1.1422716799389159
5908125.0,38.28194361125939,8.976159852680466,-1.3901502635148102
2651769.0,-34.97534092420956,-6.15738651345857,0.24727532166838717
2430585.0,13.860658284725229,-53.305017216565524,-6.743777179291496
4578394.0,19.61575443679503,-50.90634344212321,-16.905319173325868
6201432.0,32.97428658051562,-54.7996571280414,-7.159211386879226
2615976.0,-22.430781308265075,-42.25414131073878,4.5825053064862615
18114764.0,29.209937119649762,-12.606823399287482,-20.681216794180855
4991356.0,-25.435208674182817,-47.31947388419678,9.979074407143075
6607320.0,39.229505780739515,-66.53262536583776,24.05778727256144
7146638.0,-1.5194164164310884,-75.30145572316053,-28.757140743080317
2068707.0,-6.053983636432246,10.650614797167394,-8.129014734915957
5781560.0,22.35150667231952,-0.9300712532656132,19.662597608707717
2046818.0,-39.01095541080165,-3.7066483707534648,-4.792005913984043
2417310.0,57.86108687008381,-24.67055148639462,-15.513037543554596
2873699.0,-4.051740843257625,-1.5875154929619293,-21.90453117782591
1360861.0,-2.7642650643021573,-53.948060612500754,7.956970296066289
4575600.0,20.081500376055367,-50.67085190530056,-16.82879747569431
7160790.0,-19.707562794223517,-3.620394617122826,2.8068903176847524
6595227.0,-28.185380199079315,-4.907192360509113,3.0561657524896177
58719916.0,25.05907094279427,-0.16578511327409218,15.803006679584998
81235.0,-33.12223422712615,0.5400783608563009,8.155122729491179
21623615.0,-32.864327562293035,-46.26123264306016,11.608723950918554
9164194.0,15.101703470829397,-15.802847396965252,2.962986659730648
1048075.0,35.945840922791916,-47.20639104836198,18.530234493665937
2661188.0,-39.63167616261707,-8.490202943100334,0.1918647551405468
91672.0,-26.501994038616893,-2.3090880378699628,6.139965757161676
7685217.0,-28.867493584630463,17.365460804870036,10.26158098609131
217859.0,-13.861463164101673,-2.586510998881959,14.026245978673643
5602961.0,12.868903783928337,-78.64653707213219,-13.510224613774064
5278321.0,18.635735206394298,-50.660987332263474,-16.516030020843754
6094321.0,56.485906415459674,-58.614143900542345,13.182750527280957
17002949.0,23.711265586668006,-36.398893540895635,0.9149198240134213
59488839.0,-4.596188672878553,-76.58156029928534,-16.8125762773589
5968421.0,-28.688316591424226,-4.322583807452159,-1.475615595983049
85553.0,-29.98866056506784,0.42819502684309785,6.982573974480713
6616228.0,38.771349053481856,-80.45477103684554,8.300109836657628
1397542.0,-22.989864785339947,-57.24505563362534,26.632853946955528
5875573.0,-4.711497580687194,-6.827462654120128,2.054955639936084
4540851.0,35.413562757150565,7.587328495361417,-0.7573144366100437
1047277.0,35.612336358091696,-47.637871478206954,18.97442863898746
7168925.0,44.65179441569357,-0.07201590710056993,-2.057813158698588
645637.0,17.10081934555497,7.606389744181145,-1.1608895869805358
1709922.0,20.126519569422616,-69.53943681556017,-11.66986574160042
620110.0,27.296070961914523,-17.659006182316233,-25.423122333858718
2791617.0,25.797518371467817,0.6169729550024687,29.0848388068184
7154022.0,9.102678953571235,-69.70773382162653,-28.209336740162158
3549780.0,13.533852924806364,-79.7631848870337,-14.93139573366468
966292.0,33.62378961827001,-4.892376926663245,8.27046002994227
3500839.0,-32.67308513959376,-44.81873782078556,9.499935598272105
1346330.0,11.177777847745542,-70.1608802652531,-25.56989045086867
17285721.0,47.78166093957101,-22.28055159784352,-2.402946629862889
4494107.0,39.47311449168117,-5.782980952950229,2.540689829325161
5443068.0,39.963755000566515,-65.85247310156498,25.53065734352054
2294262.0,38.85804233592238,19.292228449259078,27.06068589026995
5605478.0,13.713213267991474,-82.64970802855811,-13.950956901210045
4498939.0,37.05035657691077,-4.925492185408275,2.7803381098797857
2662417.0,-34.14932097051238,-5.791574650933712,0.49695960936269756
1779949.0,51.37818013955846,-4.601475009831139,11.75964884191669
1404125.0,9.424588265394206,-47.35890126488179,2.8803455670326934
967587.0,33.40749840909003,-4.89757733009491,8.237753926144798
1042834.0,-34.26137755277547,-32.28618028617488,6.599523248068557
7211246.0,35.580618011824725,-31.513738322878414,20.748441416201324
5325100.0,46.90900865927543,-38.93263258224915,-28.10871632271722
77885.0,-29.731112772525723,0.6228498498290314,6.912107704719978
7654614.0,54.73571540565584,-62.15608563215461,12.849275137632251
5411507.0,-2.0923293433265004,-54.48390021547482,8.626564998409822
2857654.0,20.293826906152525,-11.212122656872072,-6.96307432066786
7207935.0,-37.862747731535556,-21.441531914262328,8.065791946698667
2783911.0,37.43182371200385,-43.16134710893729,-22.33384204055412
3478998.0,-32.88246377745382,-46.65707351257727,11.955619631203831
59074394.0,-13.304379938401544,-42.36571940247436,14.383943673025465
5378860.0,15.467075347471459,10.564125545961371,-25.56135000954459
4527383.0,36.117810079694934,8.390626509777215,-0.3672099321939317
3543223.0,13.388718074892793,-79.1273876136611,-14.855716916065493
4492388.0,36.959377929054945,-5.441763649965435,2.705880557527209
2653575.0,-35.02321740647862,-7.2598098189151266,0.21594401518086137
2108766.0,-1.571232888801015,-7.32175711932951,-1.4888740996390826
57305461.0,-20.61420770138818,-6.6256239293730035,-4.927114868363784
1758528.0,-36.2330614558837,-13.844514735291664,-0.14730363373771715
4544752.0,35.758656664301725,8.354047195563234,-0.5703047706513158
88593.0,-23.91869484362402,-2.8089950166996696,8.17531503565604
2806930.0,37.453165824486014,-54.59652661824265,-9.000523256449702
5854875.0,39.65941821035048,-69.1932811257789,22.845401402935728
76911.0,-25.749399414925353,-3.4973319832997545,6.5206994248889405
2549724.0,51.99518328602494,-16.88469918434452,-22.524851983876616
1013770.0,45.21248361835839,-48.21249175497837,-27.265138233098995
4277691.0,17.119729790872945,8.019410678688137,-1.4388384766254494
7623077.0,35.371649852427566,-51.18207192039012,20.377564717672584
3556983.0,9.139577136079037,-79.34309887604157,-13.568413609654677
2067134.0,30.808119405910517,-48.08360928349111,27.797058734741192
3471300.0,-33.08611842791375,-45.669387755894164,11.71713524285659
2577763.0,18.27231465174753,11.104381980077024,-16.00035536832031
3559980.0,15.24209599987184,-78.32509757145372,-16.0454413029211
3470804.0,-32.43727540045548,-45.97628906235729,11.871919242158917
2408910.0,13.909799655692954,-84.78163900970063,-18.026969175614816
4171369.0,13.498650318084866,-78.65438860156566,-14.85834974173292
1352028.0,-8.814597497274336,-5.493464120165438,2.485817393336534
1725125.0,41.01814455556968,2.398781109045798,0.316683344584773
7146196.0,-0.7371821129486342,-75.27351657762553,-29.03090467737652
3504053.0,-33.01271053598184,-44.470700961934384,10.221461244448662
5770503.0,-23.753124964308885,-5.2345357927577725,-1.6800541323547145
1365863.0,15.210400745858337,-48.886464674506065,-7.58617419497963
4536843.0,34.95171362076901,6.319176617402885,0.046724814673024806
2672705.0,-37.46654910289679,-4.855075237464781,3.2009313302936095
78336.0,-29.992084979802957,-0.4603513924024518,7.66446469542187
2352412.0,57.85055274058434,-6.804353957703801,12.368483083382108
4584016.0,19.74754617356228,-50.813373329604076,-16.38769183589279
2050431.0,15.66070979238085,-74.39639550021327,-15.383355752052308
2884645.0,-31.061926447056692,-13.415450524434153,-17.946652700489484
2587888.0,16.203033447048142,-59.27615863139746,-23.96201249045636
4535623.0,35.526168070032256,6.517509668654308,-0.11779233504995013
2519747.0,-22.681134917110832,15.533619595087462,12.55757086347841
58659683.0,-15.435338371062238,-15.664390557969655,-13.047403028899518
5463265.0,18.392296456796025,1.2196892806762802,-18.7633961220022
5996291.0,-7.165831962538051,-2.39427424888535,15.900282247248628
4583683.0,20.220147552213916,-50.67997118271702,-17.931388382439263
216281.0,-7.383141014866817,-74.80880202365006,-25.602743901566285
7159396.0,-18.964998032642768,-3.308041564114556,3.47660328184995
4537126.0,36.43066503595262,8.901576111013963,-0.3760715167593389
78922.0,-30.153851240919277,-0.3122309321466308,6.959784270074998
2776468.0,53.58321208518787,-34.305471717713935,20.911593895959946
7207544.0,-36.105776993359214,-22.205636702990397,9.797761606641311
2115436.0,54.961943508139896,9.782170660945866,22.275003611014526
3491375.0,-32.6537004754111,-44.92845020269188,11.36504520414202
2674103.0,-34.94536334927882,-7.861563130062589,0.032706723478009625
3061769.0,24.97049816381522,-80.12980124311538,-12.708659454321202
3484671.0,-33.048058870580405,-46.15669960206805,11.410612013999161
7199854.0,53.60996690788987,-17.6479255760632,16.686540190678087
1780298.0,51.68219817767293,-4.699473690126343,11.227274594411767
1771861.0,46.00870807466345,-57.18272185069284,14.13845795371785
17509947.0,-4.108210618596552,-57.199779573991314,10.416492083854541
2294769.0,38.86201821343008,19.141787667107565,27.271740877094917
3963069.0,19.736453572847388,2.5890279256754547,-19.546794846987943
1337152.0,15.649946731573154,-26.388079228168916,3.8855488288540037
2460841.0,-1.4345570335625957,-62.67024364770958,16.439136861635372
1731981.0,-8.254208794324773,-64.34678654373565,19.92968326368849
2669839.0,-36.20396551998566,-7.368456671312574,-0.537811482291231
3183789.0,-14.477850777251703,-42.245499052257415,21.618945987174378
5967684.0,-26.904468608744786,-4.427953373514168,-1.0732973483427082
1763817.0,-0.37015281464400795,-49.896939270426586,16.633671633366138
976729.0,21.33493953618503,-54.133711826893254,-14.919673504391897
3148201.0,41.7442467775056,-24.592639091853947,19.482197519801943
5024266.0,-21.232931356911397,-1.3597101781990069,7.34401982888148
4543013.0,36.0180781422228,5.003949939609204,0.4941066433177088
4853061.0,47.274290247059554,-16.09271424544243,-28.530517632993323
7667219.0,27.820400485928104,-52.85076360410912,-12.898234375582291
57962.0,-25.983270791406227,-3.3437203451134723,6.10084980242195
5999633.0,-7.333885019332515,-2.3647503942663413,15.601912447995302
6682156.0,-3.158508979224945,6.3666807994588535,-1.6817543872413558
2366954.0,36.597926920004774,-51.85461176001483,12.134780342455931
7184718.0,46.24658645709563,-39.66872784948149,-12.40840977264319
2684838.0,-37.335662998493184,-5.216428843420719,3.7225859312695118
7621523.0,35.823674962545496,-50.251209091893024,20.89078242342841
2809447.0,47.857149278594704,-82.74848044674614,-4.646323052531972
1413245.0,-24.837625894240468,-47.52890255589638,9.784814142905862
2373441.0,-35.02067440755245,-25.860930449832384,-6.867183773340747
2114209.0,23.21167737718375,-0.00898198393422489,18.167772282214372
1782160.0,23.495143253277043,-43.57252049811517,-2.1369629540855035
4578046.0,22.899496077586587,-50.25735064803175,-15.841937937566586
2636274.0,-34.499142480261085,-5.35091181922884,0.332498499274418
5278037.0,20.11340861382426,-51.652930746249496,-17.22192485903574
2934621.0,-6.104811992324916,5.05967035333258,28.112772858022463
3467929.0,-33.016676993644914,-46.66420360702504,11.696124805130538
6634713.0,14.600758358448616,-48.4698672043394,-5.193464241867444
249370.0,57.172786276656964,-9.432334619026141,11.479726831796686
2079310.0,37.695764738565124,-73.61542816511582,0.8538957436797006
5422892.0,47.84587180256457,-36.34470678574601,-27.56108328994433
2504772.0,14.650258848376994,11.805352979630106,-14.099131680905964
3481875.0,-33.10013216750133,-45.98803672814413,11.616143276612686
3141131.0,26.970640770163,-56.41483287399901,-13.76640807960138
3049669.0,-16.11592214099451,4.81118082000344,24.75968834005181
7147964.0,-1.5519678453663492,-75.8271306675597,-28.83368745586711
7667544.0,27.28522783329286,-52.32421991119038,-12.536550362707988
4481851.0,36.55689919502156,-5.582241058248486,1.8906286207727154
1706514.0,42.573932173147966,12.506052338880846,-28.56831350639011
7696137.0,48.509217105000445,-82.2656375193347,-1.669803723128041
636523.0,26.663239697491022,-79.2788921948149,-9.867827730627905
2610265.0,6.074596246549841,12.870662120172424,-3.321178041387925
3612594.0,37.135809536632344,-5.428255303890765,2.3851075804484267
3177703.0,-20.780764667401588,-47.8265657634675,10.529782511277174
1019827.0,-25.928480762162113,2.173460926310869,16.379962421537712
3494003.0,-32.01841032226134,-44.42178887741085,11.71248593308931
3100414.0,15.602651103919195,-79.18930789717868,-28.878601910399126
3477122.0,-32.20051783275768,-43.70740457393518,10.823937470934652
4502311.0,37.888651130411276,-4.554904725009602,1.3864303787814696
3146247.0,-26.27719538364061,-4.551619516811021,3.545824106003177
2755695.0,52.407219353284866,-80.22375624781083,-19.203154822120524
2060344.0,36.56239261620878,-65.0202448121828,-2.6627701071752945
5555306.0,15.718975131453446,10.946420122676017,-26.13203513480054
11813500.0,56.08847882430478,10.432494589287389,10.67955351523813
5532174.0,-22.247317810767434,-3.5994053558964656,4.3127893244900495
2683635.0,-37.03243641102548,-5.705581819051096,-0.3730994556543563
3496007.0,-33.480680521007216,-45.1462941497377,11.060934841039483
6625687.0,32.176873969125374,-52.44231960503693,26.661727828178083
3475186.0,-32.980111345527156,-46.26973049988028,11.202647717248741
2994122.0,-35.936608070074165,-9.906135563234631,-14.812044201465177
5314362.0,35.05318288279186,-55.49516321599317,-10.142385809541976
2867911.0,20.571981402849286,-1.1067231632628145,-18.21308805980872
5280540.0,22.16409953548287,-51.06703041925288,-18.125965884196223
74232.0,-22.844955468985496,-1.7018171348938296,5.185679822571374
6592074.0,-27.647650787440153,-4.32990009010767,2.454716087009656
2646722.0,-35.04662676135322,-7.2792993403877215,0.25542868045593803
17768830.0,-13.195371124695358,-12.224185759740692,-14.701177035932792
2042259.0,25.65489238576264,-32.451677007610726,18.639663395968466
2662737.0,-39.20687039357556,-8.389041317915238,0.1760114263277779
3531688.0,13.625981567145393,-79.62599859545814,-14.904123870607616
3118416.0,31.86533565621461,-36.82407320061582,-1.7441224826929567
2451047.0,16.978354281545258,-34.17474926041852,-14.610070294723991
1762689.0,-10.013028378662666,9.58521584755067,-8.635641806892222
5995473.0,-7.509485462775835,-2.6103982508736756,16.69328582237857
87438.0,-31.164546481202137,0.9023018828842726,7.691181295357896
3086339.0,42.29168825920009,-13.220564053603777,-27.498134264620862
5328632.0,47.147401916179454,-38.25893953625479,-28.586114775008944
2499801.0,27.95984853303569,-46.91632903782125,18.13119513861596
3279493.0,2.1456376874040273,0.7897108369458837,14.168697976952572
3169107.0,28.517544665116358,15.933101395916328,7.3225563565752845
2670122.0,-35.51223345543022,-6.091112435017746,-0.7480981242586848
77232.0,-24.182342325245216,-0.9567877408993225,4.539064942659129
6600556.0,39.538090664963164,-67.08683067832756,24.558394750477785
1706168.0,42.52893683750914,11.95260342094683,-27.821103446298963
6635736.0,13.49416628013997,-47.980475408512,-3.4795423058880424
2777512.0,53.036228228195554,15.986748809219238,-9.656743183554209
4490952.0,37.683302524050546,-5.453581512885863,2.29948527473413
2674790.0,-34.29710418114464,-6.788603408020872,0.18728678446624958
2681203.0,-37.262371751960465,-7.917725262042376,-0.22214090927452546
1051186.0,-39.439147562534274,-54.434982205897754,28.60705666480795
15037053.0,25.767746615766555,-32.57361846890385,18.734342202815213
2926452.0,44.6695543644854,-10.919872022712697,6.441973058184841
3483118.0,-32.39941405052999,-46.01300837151827,11.724993726176976
7622889.0,35.2006954128324,-49.811871808906055,20.90055173895778
6635203.0,13.529806259152892,-47.6419874451496,-4.050460834971428
4692308.0,10.234076009395359,-77.59324405765854,-13.72697142819723
3124809.0,12.927363467050366,-5.55575139455687,-14.379329529445599
2750582.0,39.27643360435707,15.97315591372383,6.0868236701450655
2659403.0,-35.88520576578382,-6.126560358583408,0.019480696057073477
7688413.0,-28.849600140188965,17.776843024821417,10.33127405684362
2571468.0,-9.658856361965103,0.5754043998034177,1.2891722847332725
3212853.0,47.83070530134653,-72.26175645181969,0.987300117879812
7143602.0,-1.6357630565454064,-75.09449081263074,-29.291110359187595
6602359.0,39.609067672304704,-66.85902293391061,24.566004654452875
2868989.0,-34.3294055266619,-78.81784613884814,-12.504662815260057
2854236.0,20.175599460314352,-66.06274247897356,-19.85639388873866
4573418.0,21.786305889150455,-51.60947601620932,-16.950825313810522
3493217.0,-35.15067408382358,-45.618931399896866,14.92959720102282
5479876.0,-22.063506546236344,-1.8543544349304955,5.961828874930328
2432353.0,47.37653559664612,-73.1052838623647,-5.404310128097379
5997665.0,-7.442729848125724,-2.523925894024571,15.85230661853186
2504377.0,38.17222625454088,-53.460307186163604,14.476664522564981
4537611.0,34.51968815451819,6.239254979930232,0.08669799942796486
980481.0,49.180063823377466,-43.03621289869337,25.81009737489306
2658997.0,-35.41705147489767,-6.5705017690330525,-0.12741918744327796
1049778.0,-39.416629268733324,-54.32270008002902,28.37282681463385
3546611.0,13.265182083480699,-79.81997379406465,-15.160411918277987
3039863.0,9.098562928327146,-75.03933485824976,-22.962948624911895
57798593.0,30.3087973569735,-49.978620259984574,4.665142064727658
5370324.0,15.684848131402136,10.958740824378824,-24.492800132693443
2079087.0,38.52542477944614,-73.96093321083855,0.893344366969071
5312659.0,32.620708741628064,-55.42910989270935,-9.440797483144163
140114.0,-35.28426301857172,-6.920873541285744,-0.002560923811908644
4063105.0,-23.453013499550973,-2.048584273409239,5.087237315961338
3266169.0,18.9123892672296,3.362313033667419,27.926462476704167
2738925.0,-5.533220663837067,3.3828959711462008,25.09329929939589
215479.0,-6.867733643644002,-74.7565736477458,-25.728906732085363
7155413.0,9.441954646987062,-69.5289544653617,-28.244437913087687
2661641.0,-34.316468769206374,-6.872294832933201,-0.15201243141275045
2588546.0,21.98164245455506,-45.98844137523868,16.612661600271707
2656236.0,-38.81288107572391,-8.73891559604997,0.5821940167855528
4036835.0,37.89345338916558,9.827716368275633,0.01313071839327229
7185637.0,46.790544775330346,-38.4266953959753,-11.953656991842852
2310179.0,53.33794232330456,-21.76732902990094,-28.098547387491863
7207325.0,-36.85104330347975,-21.837063118761208,8.721527060461646
2807202.0,37.34809769394061,-54.53461165104287,-9.121480607207497
2416447.0,-38.10881728168701,-7.08446031099114,-5.2111311494081445
2418533.0,-10.024344103941642,-50.928296911229886,11.586042814238837
620774.0,27.658339991468004,-16.693454820629928,-26.0007359153274
2668456.0,-37.40391650167546,-5.461406874109786,3.3306536730790137
229878.0,19.8004776756781,-75.95384319015983,-15.569666198355717
2070855.0,-9.095288316550194,14.327757302371253,15.326426709652637
7212904.0,35.60293550726557,-32.533379917659495,21.002025111255904
5379538.0,16.290200459098266,10.865657637447018,-23.39185276089972
2892861.0,-11.337770088440278,8.418616798543665,-7.99954791128132
3485034.0,-33.099268456422244,-44.47160497073064,10.05154417126845
80781.0,-30.639523636442703,0.6415773810899386,6.643391072239828
3489228.0,-31.8280406686187,-44.13905397260357,11.79596453476426
994746.0,8.516913576037378,12.12041184052912,15.475774161377212
19759167.0,47.158727472436276,-38.48842677038384,-28.139289396664935
2485249.0,52.99347663152963,-71.36682032680035,8.796930487151455
2835509.0,-4.406241148196248,15.291122461680557,-14.091086933625002
43262.0,-26.15091540199813,-3.5050292304409076,5.824258402150889
4531543.0,34.8148761568066,5.974150874837443,0.039347643907286844
1007036.0,22.917802030646396,0.44343841345299895,14.392348728464203
5283750.0,18.831807005826175,-50.654798619641454,-16.71851604078001
5998199.0,-7.533059727871516,-1.8903701858696598,15.74550000007389
5650128.0,-26.68275686495864,1.3340685290520105,12.482354010957183
5559220.0,-35.62468889871889,-18.891673640019377,2.3954816335848492
1753796.0,42.595647052025996,-33.84035028346086,20.780326975748444
5230085.0,-33.608520195281315,-42.87749009442569,10.97883724464778
2438210.0,-32.916543282875324,6.478223489268009,5.183296787128913
5277531.0,22.42551371787757,-51.06939059575707,-17.248642187380288
5374536.0,15.340725056703617,10.699358033795386,-24.257126855274926
2923341.0,-16.58180922579614,6.4053730341154775,19.880870831032162
38952.0,-23.532144912964224,-1.6481801015763313,6.792414193077616
4170794.0,-29.254850720496112,-1.9134843186567596,7.229390397360178
88429.0,-25.594828740764157,-3.604147323519085,4.682710897961426
77472.0,-30.32084911043885,-1.4137858233813305,7.41355615679433
2470448.0,22.05040097397154,-51.367935026381524,-21.830860501467406
4894633.0,16.300108275828823,-78.48777065248358,-15.688179705844696
4180470.0,41.181981779348185,-21.149071238064884,5.334179558771548
3492869.0,-32.58744801705254,-47.53721511886582,11.47099459088125
2673683.0,-35.764386316999,-6.794817435637068,0.32564847957616694
226054.0,-25.220516555732576,-8.987778189467658,-20.462965791436076
5423392.0,-33.98379904228212,-43.57946251797387,11.39103776759339
2464165.0,-31.278075251462102,-27.77716150418783,-13.65495074884166
5372002.0,15.580768590327715,10.707655857917333,-24.43867660565784
2373760.0,-35.08133240707923,-25.92981617420577,-7.216909516523682
2638164.0,-35.45681109891976,-7.067632691129022,0.43859974640981925
628274.0,35.25074321212319,-60.26617402259002,-3.8212122479862103
4676135.0,-18.029921326581164,-3.640354968490839,5.757970914645648
5260781.0,33.20353225027704,-28.571627493678964,0.6708583933473111
2551960.0,-30.383098934779937,-33.467900983378335,-18.439272354351637
3140435.0,-11.8957888461449,-74.6238938735203,-20.946283526245693
1734047.0,19.826811034569026,2.0268956551924773,27.826618640219603
4756862.0,-35.29835451473157,-5.807011787121634,0.09520620103144539
3557853.0,13.867796485548968,-78.66177556804755,-14.957722226766558
5277332.0,21.70492226287069,-51.846501588273625,-17.13850653365723
79640.0,-25.823777617255864,-4.07990191272032,6.036936803999316
1734712.0,19.99782640505452,1.9785311759381117,27.75418709779393
9368930.0,11.82574104058504,-18.644815657742356,1.390180111577942
2828292.0,-18.83909502296902,-54.06024333556755,19.97196248070373
7621950.0,35.54872112770315,-50.046318451815004,20.31193311159076
2573514.0,-34.84740954236334,4.523991246548401,-6.974857017296738
3554930.0,12.353422873534988,-80.16239353837028,-17.487893225647362
95942.0,-29.218951155429465,0.041581501342814686,8.7388152734913
1759035.0,-35.99488551247526,-14.286063500364552,-0.1263294452348842
248932.0,57.84911604684637,-8.784166344226676,11.19479774559446
2886252.0,40.68776386485757,-72.33559805849147,-0.5171419578253253
2856928.0,-20.810783984845852,-3.100642074578161,0.9150373552732409
2306424.0,-12.820818981141436,-77.35420470775341,-13.9752776192444
2631558.0,-34.962703598418656,-6.430206508823546,-0.04803142764967472
7142699.0,-1.461135278728126,-75.33155611374836,-29.173706891353937
2377686.0,43.024792366022524,-22.825380854660484,13.651336586880735
2370821.0,-39.61302855819964,-59.30003160333412,-6.414186747260281
2123500.0,32.17044896842183,-28.560633165406436,24.21571299822629
3155427.0,40.187395308173855,-74.88084322293672,7.39463079629789
3113561.0,26.29851802766719,-53.77945502997281,27.329647836137745
3493482.0,-33.45422381325026,-47.03166597944467,10.272184577228398
53793214.0,19.143977657712878,1.942231309321294,-19.39296821774799
5508615.0,35.71288698657084,5.917473785529318,1.4138320894004692
2113269.0,41.20537188192351,-78.22242787096702,4.497840784010118
3415634.0,35.709480947721175,-47.70105271057547,18.357916728413052
5279712.0,23.550174159545882,-50.91551084845783,-16.634045034958007
1338445.0,33.73709804090008,-6.236605258085579,-1.4604572758004681
588974.0,37.59089484011426,-16.743048702313384,26.08871524087928
1041143.0,49.03426886441859,-15.246753394594517,-25.350774420818528
2401420.0,-33.77688402617136,14.256702963953419,14.238658661503163
59714138.0,-3.9611203520126637,-11.406968307858886,-12.963837081745963
2917995.0,55.87501791504846,-40.489518779372624,24.86444316866279
5127840.0,-36.27305211196064,-10.947399316228307,-0.5364623846324168
5084504.0,17.11196915216384,-80.78092114831524,-12.552939885583369
4579564.0,21.695753484047028,-51.53434504852888,-17.022530868061107
5448966.0,4.962902054225375,-78.33663895971266,-15.616898639041732
1001280.0,-38.27362430366259,-24.00120016425079,8.872530750753196
2665711.0,-37.79270233608494,-8.370564747913921,0.24386086325420964
6617011.0,38.738879138392605,-80.61028629438024,8.156013740173737
61600.0,-24.039374641903944,-2.091144414761949,6.715777555992436
5142737.0,-37.587644931855365,-5.334597534707355,-2.917282883571552
5966575.0,-27.513946675329652,-5.205171347369467,-1.5174149426375427
3489839.0,-35.525124939807185,-45.73134095034768,14.87468814092709
18309482.0,16.053067300279512,-26.913739068796147,16.130844534336404
4727014.0,-35.1629253580442,-6.929408951678031,0.633934402795473
2878573.0,7.337812382632864,-28.48848317673374,-22.262296124243704
2041871.0,25.910100716092828,-32.92337874073072,18.807353750976382
4584588.0,23.193015444055746,-51.224474400285025,-17.14925172884093
4493686.0,36.04430246847051,-4.179796161720501,3.786111529335536
2573110.0,8.005516707424778,9.204659967169041,-0.6409777362767441
5206256.0,-36.014827506645304,-17.78925897848077,2.152259690664005
3545253.0,13.509743812390617,-79.36017078150718,-14.958407370795264
2570346.0,13.015771258174594,3.383393102056008,12.236876713367842
7672461.0,45.70754171086191,-36.37772511440975,-13.730516448200088
1019449.0,-26.508707506742045,2.0943800239610546,17.08454882566619
7219577.0,23.214357068352868,0.48517612872256377,21.667835770235087
2071275.0,-9.132894765929215,14.364291951248124,15.488900056360785
7208497.0,-36.070211802421994,-22.092384943827312,8.599438849179414
4541723.0,35.99945087520856,7.012259028988282,-0.6669460077769647
5406709.0,9.812997779304949,-78.53663802678406,-15.205135670850197
7687894.0,-28.51150154599804,16.791963852932998,10.249320051776703
3531105.0,13.485338355204739,-79.81210471099907,-15.011622551228735
4529052.0,35.79038339332028,6.900146547548755,0.15120290184973895
5036389.0,46.27125032693462,-38.34575115509506,-20.87251921723616
72820.0,-31.90116482408216,-0.21960353751673445,8.078593927611326
59613100.0,-35.25517006236579,2.06163311544928,7.877081562112108
11700507.0,-19.611735125289517,7.957021435411797,0.941628918562806
3190540.0,29.519367995922927,-28.370600121125715,-13.102621319389836
17568884.0,47.85948769426642,-81.47721991523616,-0.43596277143899975
2953604.0,46.65803709756425,-29.902518578161636,-11.88255095776599
80142.0,-30.537139095298397,0.4567558949227042,7.415555847685205
628475.0,35.334369542352924,-61.01878696437302,-4.24417904449516
2672401.0,-38.374556211713696,-8.156033631822122,-1.3698408931837354
7193412.0,18.24767343193895,-40.591564363205464,0.15268856346387416
5488367.0,-20.80903717428826,-3.135976840609763,3.2614402868797012
4495709.0,38.242073871276105,-5.475888789776033,2.087732313447909
7160023.0,-19.275713850645253,-3.119312636909603,4.333454413092782
3486328.0,-33.448540990071464,-46.72726327126139,11.53213604485142
7675556.0,45.89482118436749,-36.98085359472529,-13.593975217354807
1772237.0,46.12036475844418,-56.8783057899745,13.887623318061577
5422515.0,45.466839133673425,-49.38886873785424,-27.407446241855443
5312119.0,33.51364212331876,-55.71889399829111,-8.966667100354126
5998511.0,-6.662008912724022,-3.826055066494667,17.595946567819805
4726363.0,37.92806708612306,10.399446764395533,0.15618291482355717
6634959.0,13.775551698658397,-46.42896031199635,-3.0688077609843623
4494544.0,38.85091931635942,-5.4926938448758555,3.3171622171871906
2447311.0,-11.218166687572294,12.851215990027322,-11.521318514488371
5425866.0,36.32568459233505,-24.937885727192782,3.5110538423727
224522.0,-25.485415666424156,-9.098670127447672,-20.868570641318136
2621181.0,45.44699704266882,11.514280723416757,18.128655931506255
3606535.0,-35.0761958446587,-29.124806752977754,5.659477609195657
1035576.0,45.555494025587535,-52.73590570776658,-25.95372387645065
1423161.0,-39.829835185527045,-26.402475918914178,11.469682521879182
4862705.0,-34.58146387033524,-44.43309057694422,12.528227629892523
7161171.0,-19.27405664130579,-4.0125055857108824,3.021352273090382
2842026.0,41.16236475506195,12.676300687531658,-25.177595027263646
5404252.0,-30.045313827279173,-0.4331896734802204,5.1863969994566155
2928230.0,39.814409900011,-42.29148405786935,-24.436416190084735
7692972.0,47.76468133259386,-81.43700277810002,-0.6175930685434086
2668915.0,-35.8341049859726,-7.4409207761250435,-0.41374234112637565
4751121.0,-35.843988429980854,-19.438170112079632,2.5904912944280873
2088385.0,16.251149202127927,-45.381955786932544,23.877800302113403
2584044.0,37.14352793073485,-55.746546591057324,21.26924301017474
53800022.0,40.57333607580382,-9.418879422870654,-20.804070439875403
1730333.0,13.537025621814246,-59.4475142797683,-8.662148986550054
2651419.0,-37.0159163564501,-8.02311900797096,-0.426787754747342
7626230.0,3.470399343475912,-6.0484689799199565,-8.151119454417257
3554260.0,13.89619228671773,-79.15453579918766,-15.117569149554658
2762011.0,35.417112669036115,14.460176223009121,-18.900156362135895
3018664.0,42.39494661359695,-10.06107813216364,5.68773054120853
2433238.0,-37.80961830394064,-31.276111463706098,-17.30754134869003
1756094.0,21.292101606280955,-56.75330047705539,-13.339238033549375
67362.0,-30.36041241471053,0.4171761320456405,7.424377854542539
4968262.0,-34.931742515900815,-46.78866418297694,9.707420260178877
3558461.0,11.387451609431784,-78.96601059626718,-15.236093075059648
14814240.0,47.25328388156874,-57.221649442347164,13.60547224565521
987245.0,51.03880330528318,-67.89964999087026,4.736061097942286
2439685.0,15.84942841805509,-40.53847817324501,-9.94553249529646
5994742.0,-5.341672930275034,-3.072586644257889,18.033827844272093
3096918.0,49.53176037069126,-10.79771607810047,21.102946881183016
6693603.0,42.533132479859525,-19.13510365148085,6.226127623424164
3486629.0,-33.26602657414973,-47.13074958351403,12.252062296024075
2451278.0,17.169877639677058,-34.68977912516857,-14.220501433069893
219085.0,-14.202332520099116,-2.75557712819567,13.583746241668328
2547067.0,50.095586439380526,-59.95613684866168,-10.75855023434254
219388.0,-14.177745831824597,-2.974076495860683,13.996274300814223
4582395.0,22.023273881958627,-51.59549434815997,-17.48669256261103
60878569.0,36.96767867041376,-5.470465575292817,1.8298851451103442
5966969.0,-27.180406296868245,-4.735267334556987,-0.39454054265215177
2399667.0,29.117114369043467,0.5166916146911624,9.679061025932645
1384419.0,-40.50304069139895,-52.612170376519785,20.100218915474414
2468580.0,-30.359017900491104,1.0054616096103075,10.295674164627167
2675291.0,-34.46383451960488,-6.7157767050811765,-0.45109259258888557
3488455.0,-33.06676948158224,-45.11642281365186,11.968972123531007
4564925.0,22.02692064476974,-51.68865478695251,-17.11137524852203
2519314.0,-22.2396459536785,16.2057075591367,12.236652048659801
3342791.0,-28.00877670187657,-4.533725770063415,0.8571264085241941
2341604.0,-1.6807912403929675,-8.815491162082171,-14.039655191246219
54095.0,-30.942509181428733,-0.32042715189466464,7.610617039220971
2094365.0,47.19986447538472,14.299600811646322,-21.74747941498456
6605336.0,39.592282965756766,-67.2686966357852,24.809209299993388
2667873.0,-35.867955415232885,-6.624730884604576,-0.136568291250311
58691643.0,30.599017430317797,-81.2705999652456,-22.23628474429228
2952668.0,-13.271193092866028,-1.2827339270698417,1.4122202393388565
1033761.0,18.708382636772704,-75.07124427122866,28.546455469090994
2847320.0,59.075101290838596,-12.343419098702547,-6.672124259816155
2353314.0,-23.207198999389114,-50.963313398673826,-29.15306870404969
5108772.0,40.788791563480004,-56.06627028925677,16.521649219900738
5436535.0,39.39332612008082,-42.724625448830274,-24.364144710217836
60682.0,-23.445370587119985,-0.5338225947694203,5.984793588352011
1013136.0,44.65882813976709,-48.05198045392571,-26.632826912592073
5042632.0,14.787194195659444,-51.155320675250884,-6.699494038693843
4572638.0,22.984511434528912,-50.881905436089475,-16.782341753572847
2549511.0,52.00425773853381,-16.901408969545166,-22.843537675973415
1365553.0,15.474517236386054,-49.327615354350584,-7.804815256585291
6692675.0,42.760228139542114,-19.454322793659333,6.337977125028614
2541855.0,56.39887134752882,-31.08016262345746,22.83081551352712
58950208.0,11.925597550447891,-35.60425024362636,7.655533352330162
5210229.0,14.284365503461721,7.51810577869311,-28.844273695420256
620456.0,27.706156381075836,-17.84697966714186,-25.27884130765361
3044270.0,25.681513482136612,-79.72772450516788,-28.249291520684757
2066867.0,31.348449209765494,-48.818012486884385,28.50407348619459
1783892.0,37.05342661933338,-51.95689377921977,19.84051081699914
48442.0,-23.688752614882638,-1.9238916219401736,6.399019036956591
7185400.0,46.23289036444605,-38.51667829300802,-12.913291295430884
1022650.0,-37.70153997691174,9.029991503174926,-7.0417923832692235
6594722.0,-27.381527235821164,-3.9464683490160697,2.2264783911547585
2541640.0,56.967281759314474,-30.701516014891663,22.384749693259224
2062484.0,34.15932226456128,-53.385221897766755,-0.3901534933172677
66894.0,-29.262359404567494,0.4394429749495322,5.654953259223721
1381051.0,-3.947144752934229,9.981354427268649,-3.4902427083060203
1033947.0,18.71825314968379,-75.99898547617293,28.797573176476334
17369519.0,47.51540224781006,-31.31612031452818,-4.784178862270332
5458981.0,-40.07817059496603,-7.207113787411392,1.5717961049758729
3488254.0,-36.46977802953041,-45.781650963014755,14.053187471968865
4498785.0,38.51262838874607,-5.7934966774358205,2.776423859518337
1034113.0,18.75272612613924,-75.50975710382335,28.711632560821645
1749996.0,31.740997231714744,-46.983195939613665,-20.119751097898636
4362947.0,-34.576238972301105,-17.60608204935924,-9.069417315715205
1385469.0,44.44885004390662,-15.34376516742864,19.77442790537556
2738531.0,-5.579345906652391,3.602239405517192,25.48992464855876
589317.0,37.72697196533875,-17.088144856302346,25.95362304033955
4715501.0,-22.390194435131196,-25.12376554753733,-28.80764955574011
5150169.0,0.11520094949578863,-49.32293908823713,17.241875922023986
154201.0,35.22598367248451,-30.035142658141034,21.565090164828625
2376174.0,-24.21923947908929,-77.509134432332,-25.29959731113194
3030506.0,-4.750500783209944,-53.882139293214294,9.144498448440963
5106936.0,10.590842265260104,-78.09476951499421,-16.221046145177127
2969384.0,18.78994373981638,-64.73408472046029,-9.358428540530808
2647907.0,-34.79557011977962,-6.681351224385388,-0.24940487178484716
2115199.0,55.11196771687174,10.111114648196516,21.932491536987882
7688201.0,-28.708699362019754,16.81375792175295,10.787464290439111
1399316.0,-13.810660818336196,-2.9310200943477795,7.0614877067303805
5190404.0,-18.356633625125397,-2.7452215385583822,11.34086051329546
1340396.0,37.428170834555914,-37.6764433574759,18.897373736051854
20355428.0,26.887762187529724,-79.41739875470101,-10.12929783560233
3475987.0,-33.75627074151068,-46.19324075879967,10.775708863180759
59235222.0,22.762187975338005,-39.89841377031116,-16.415845594070877
4689641.0,13.376547559220649,-81.6259747886042,-13.490130349914484
5120418.0,5.464609760214528,-51.027366356439444,5.665690944954587
2501593.0,25.611859656787086,-44.775799261078234,-3.3520476720696317
5173802.0,-2.983408538394893,-6.782965725462858,1.775973820791264
6624523.0,31.200941821815285,-53.18877407098861,26.240877314475757
2552987.0,51.04477664087388,15.372944649902095,-3.737735667971471
5368984.0,15.819169849878598,10.756117445731542,-24.06281791346212
3638176.0,-27.44640154479746,-2.5419042137134036,6.925766895364874
3546022.0,13.891316275163945,-79.4254827088632,-14.938566075569609
7624830.0,4.250257314550392,-6.088000094684377,-9.487205411982142
2644016.0,-38.742008360711935,-8.251205550553166,0.45958488257305685
3530371.0,13.716244301653404,-79.07464532658877,-14.834578140154179
5997459.0,-7.156963147521549,-2.3580928800039,15.995896802181793
5378116.0,16.19498799037976,9.897920738267299,-23.82168632598804
2468865.0,-30.22657822250433,1.1577644160583735,10.72057876441023
7201027.0,53.58314245982771,-17.683460288470812,16.991262851530983
1396155.0,-23.465930999963994,-57.20961681869331,26.99697386095466
2107449.0,46.582599943296124,3.6956189287756778,-18.154794984273625
3553868.0,13.606419575140752,-79.06865547854639,-14.73035127702566
1704972.0,42.49221003339332,12.047840506615096,-28.019733160092883
3533021.0,13.284680500074145,-79.81207425767543,-14.951241958348689
15416037.0,23.15499970916018,-0.13832778433112458,17.969949226325795
7212153.0,35.53324373915475,-31.556046349210053,20.67585569720018
3471688.0,-32.388124037837194,-43.65475282646981,10.451926159002461
2050264.0,15.89836222639596,-74.45207117670084,-15.476000708889405
7184422.0,46.000712181387286,-38.840257269245775,-12.427182260405345
1710512.0,20.423272672383103,-69.1387380470885,-12.19142462389618
10426902.0,-5.374929516998209,-74.83470553565004,3.4719830632519355
2667360.0,-34.993796080519,-6.9339090910887515,0.7671347730580713
2898559.0,-25.392270357210094,-59.8254628049529,24.378545417203092
4792229.0,-32.48131503672253,-10.109384257409706,1.889871580058752
1400914.0,0.853148916496831,-60.09470251682047,14.433934071105167
1710796.0,19.925550085494827,-70.07748635950477,-11.696108495110899
7193027.0,19.883584594807353,-41.61930701001081,-1.125622900916028
2097506.0,15.057480210272507,6.745938911272287,-28.14443173185393
2066546.0,31.056924467676996,-48.51823955706116,27.618169451149924
7646413.0,34.14080734583183,-27.662089421711507,1.95128409338791
5325585.0,47.159971129390044,-38.97472067751357,-27.735601188345832
3098501.0,1.4210236261895925,-1.2217780702230654,18.244101774814517
215850.0,-6.4469549758726385,-74.75301850797791,-26.59140223106422
2511087.0,57.38801082133178,-14.403369938328376,-8.85132202517022
4721792.0,39.52117619259303,-69.22835769537986,24.147056171561946
2571812.0,-9.672524487480432,0.3185166708459529,1.3021729953281804
1770033.0,-26.52770191530052,-55.747709051890766,21.809347566955473
608838.0,-3.632081338179213,-6.806116025030209,0.5811020878216041
4481515.0,37.27430924232988,-5.092813341257152,1.889650256967173
4579122.0,21.553610248601753,-52.12840405622988,-17.48650040682032
2615333.0,42.745456297654705,5.570862762076889,-27.711336907405624
5057519.0,-33.9115469029061,-19.364003023620242,-9.52696701306828
3474698.0,-32.952146381911525,-46.05476292594068,10.998105851554955
2918972.0,-7.104898804995475,-71.78341386914416,-3.410793361794302
2647528.0,-40.068376644208264,-8.265388827541079,0.12946046906163344
2816969.0,-36.463433587054105,-50.63821002875982,0.8301396620807443
2989200.0,-37.2060785173462,-35.39939520303869,22.620674733550707
2650836.0,-37.36101932669941,-7.654358898106806,0.6798399550693048
7661449.0,-34.53455772315368,-29.944548920309018,5.4746224739751455
1377699.0,40.084549831061935,-22.170659665046514,4.568335412825489
1000793.0,-38.68592190506607,-23.737653886714128,10.21333480741507
4807120.0,11.8484144010425,-79.89898527378246,-15.433243030547358
4393395.0,-25.32808253754447,-0.4667217906694272,6.021017942507211
3631108.0,-24.012440225038265,-7.942365548206469,-17.1446347274445
2344086.0,30.31033942335451,-44.28275745684157,-2.7429483188992325
2654504.0,-33.21214986028263,-5.915167003136164,0.020675548684826683
4490353.0,37.44853994289148,-5.87883985668558,1.8927887098110219
2572733.0,8.190215443537385,8.971292460343603,-0.7842738408661051
599404.0,19.13157408645422,-37.84692377539745,1.205579444585653
4526427.0,36.216483371009694,8.730590181261897,-1.0455615242225589
7219054.0,22.949743148284536,-0.1285801403880351,20.91794353237187
3564016.0,13.750055903228525,-79.93392390426561,-14.685661834859161
4668073.0,-8.738456762379364,-9.792077549993387,0.2464782911643406
2668096.0,-37.22673299123941,-8.570346576261985,0.23001592696287254
7673503.0,45.98004470242749,-36.56428476384578,-14.016339899431989
7198868.0,53.45551844465666,-17.529528535882022,16.74183173178735
3894778.0,-29.627152335442606,-0.19279300898672558,5.200348429684977
6694820.0,41.99030363029003,-20.559197342098752,7.044677755401018
6608150.0,38.69999190507583,-66.86302374367368,24.21109398524231
1021936.0,-37.6723753520705,9.05937069247008,-7.072113725871248
7192478.0,19.004831592475966,-41.72370255650895,-1.557032436038888
2515904.0,16.643624757825712,1.6213694615484358,29.493754240278175
6682901.0,-2.760617547834219,5.997401112672029,-1.508552066914898
7631026.0,59.485558938867676,-12.026534421398592,-1.1366934595779838
2399856.0,27.887545090553814,0.3564001326111532,10.05631044912774
2660443.0,-34.89466678691793,-5.821288885418204,0.7112544855294214
4312159.0,45.54195666528357,-38.02398719744763,-12.047225257197004
17410145.0,24.246600893116707,-45.6449359533672,5.842931761776114
645407.0,17.470070880170297,6.745476068731691,-1.2824882286273636
1774857.0,-34.430356060124815,-27.200857249877508,1.4854988495888508
3986838.0,49.73503546568455,-38.72004370380661,-28.073990089785678
2934305.0,-6.285134230870872,5.303775268747506,28.257619773958048
4491593.0,35.39385304562399,-3.835078184822783,3.6549462916878337
4849600.0,26.008021006103217,7.137591155097995,-8.379054802358002
2862600.0,13.065538736878953,1.4277170609804868,16.92339619876974
5373858.0,15.630929381543506,11.515708476342102,-24.483659531335128
13985849.0,-35.74485153484166,-6.2869597897176215,-1.5371106868741389
3548274.0,9.27132370638174,-78.75564674813438,-13.6383391278747
5313733.0,32.763785241773896,-55.2069218954961,-9.911589894013739
3229792.0,-0.08600813679575214,-73.7854135322445,-29.652075463854803
7639908.0,-28.97788869409604,-65.76418925521789,19.3574895376576
3528200.0,13.744827359468534,-79.44692165723427,-14.697226839573107
2321235.0,29.185685023473724,-56.34015681760874,28.04943231845217
2878105.0,38.688224239802935,0.9287696038254483,0.14512160665292706
1779677.0,51.67059717885976,-4.749895339188331,11.440830286158459
142886.0,-34.88198290141704,-6.598126430834286,0.23017131408874247
2497170.0,-21.18478726938873,-1.4083803979851004,10.26299985319195
2443000.0,45.16668839246376,14.192703173163842,-8.343725115163405
7211940.0,35.9214954297778,-31.720028566503608,20.682870725983044
2435621.0,49.509092221820545,4.783733640313226,-7.736444752581639
2099622.0,-31.093452784640636,7.5655256906889194,8.960585530898525
2612027.0,-13.312598382835699,13.55508731241047,11.905931661706374
54528.0,-30.62522094385512,-0.6925302650240477,7.4610702086900345
4222507.0,31.918620122786265,-54.610791902738555,-7.824011588713185
3103967.0,-38.774228613405,-21.372281718583604,7.53967780242065
2368522.0,16.112876041322433,-3.8483292334369805,-15.101759815536404
5306999.0,32.74428529069792,-55.0235931193367,-9.053573111480354
2925402.0,-3.945211241117919,15.911404937720178,15.743803581681709
1363926.0,-35.47863072010676,-23.563516004543857,4.135820976828361
6605640.0,40.977827377238604,-67.34714246777769,24.565539586064006
971302.0,19.130506203203808,2.3195400851906274,-19.58787808977449
2829026.0,-28.409332077948207,-55.69526017956003,22.463471009735702
4424230.0,35.78160286172273,-52.13786888146447,8.091115111525706
5006935.0,-4.762584878250518,4.312943950232989,-1.4418270871645036
2496811.0,-21.334548218087118,-1.4499278573933043,9.819701045379794
7645010.0,33.63887856608291,-28.25700883533604,1.80581446199567
3020094.0,-20.77285180876245,-3.076832215542389,19.865248738089306
5996536.0,-6.822381141953921,-3.196480760873658,17.373785296076367
2971709.0,-28.919864911572308,-64.12900471573884,16.279651797915886
2741168.0,-14.965835260249268,-4.08256963140392,2.3557197296698256
1743068.0,3.7536774798085317,-71.3242141874798,-29.981621020720503
5098998.0,16.41564468987411,-80.65536193699491,-14.572216661537519
66590.0,-32.941708007156784,-0.07796835072882291,7.823222498047457
1023385.0,-38.11764850902925,8.747919454329702,-6.951609122913283
4574495.0,22.583834590719057,-51.62886629727701,-16.932171210711815
2809872.0,0.9887933963514319,-10.876574361611185,2.5352406806649705
5296020.0,33.03156400385505,-55.0420990051251,-8.933134313819602
7156504.0,8.656206634498066,-70.59368829216768,-28.26717617068812
2078711.0,37.325854225862365,-73.76036767915632,0.47851375948000907
7659938.0,-34.962094313141854,-29.797132521482283,4.84354231381217
3217566.0,3.2924886961297446,-0.9907483602834453,18.103045125254475
4835592.0,30.776965017976416,-47.51497142884226,28.011261419665537
4837224.0,45.016034048322204,-21.566979014762204,0.8641693693628962
5156442.0,36.806523064844455,-54.059524361303076,20.111870102586963
7622239.0,35.13352792798275,-50.075052896716265,21.206311614265196
4443967.0,18.51576567289251,6.911099695236688,-7.214895091065072
2599936.0,47.71765009977919,-22.222118629807845,-2.347113237294579
246135.0,57.44531490316697,-10.129515112233532,10.969498811150352
3933786.0,0.3678983635820795,-62.13035930812653,15.67735695871722
2111199.0,52.717057805215404,-19.54265050247891,-25.361603175837452
3562524.0,14.23913529797132,-79.36222264209556,-14.530220021157627
5426059.0,14.344209313720242,-81.1823676013784,-17.080746869812124
1426390.0,38.5267370239849,11.95188488105752,3.884000546749303
3103369.0,-5.4903383668191985,-0.8380769402475532,25.316538234984172
1730225.0,14.380902823556129,-59.31532898949988,-8.364371162691487
2565148.0,44.40296593020819,-34.518709309112936,21.149730096031107
3461245.0,-33.11950824992012,-45.52445816040101,11.66391961159495
3113790.0,18.92472380038911,-33.05109516308344,1.966936252393245
4961373.0,-31.59680320110928,-30.3996777292007,-16.25581113863723
5308077.0,33.93920021057267,-54.89229934860397,-8.408093228552556
2330110.0,-9.127390439997585,-14.14928662271064,-18.19834985215209
2514805.0,44.45701366124491,-35.29689941466839,22.992339749514553
3920189.0,-24.142506966002124,-1.5564805378751887,7.575842018080905
71774.0,-23.644813673295552,-2.128333925329629,6.8671305776026434
5994523.0,-7.627698790018108,-2.137796137181698,16.71594004472649
2576020.0,42.34769233027803,-15.660793961685123,20.82374996145623
2680756.0,-33.9789397438199,-6.0708354283765384,-0.6812182296470994
2461977.0,-39.23069155156552,-6.2210399583908425,3.506046282142454
7183759.0,46.21054280151467,-39.44476532305178,-11.820091178535728
5000406.0,29.649747995679146,-81.09948999313895,-8.677587212711016
67922.0,-23.775308974171224,-1.5790949836663692,6.341898553644663
2372734.0,-34.91279141828275,-25.994101710868733,-7.296161807657457
2312558.0,22.311966928869403,-72.71859623144165,-13.442487133581553
5094238.0,14.400628619532114,-77.63292461410947,-13.706818756526172
4405726.0,15.558238347481431,-80.3404368376127,-13.847775928949272
3030140.0,-29.79366806445126,-56.87484887974573,22.6045747134995
2401143.0,-33.182122563190454,14.588171449004532,14.58904155128479
4533063.0,35.87413031296894,7.10528148511772,-0.3288108422638447
7168277.0,44.35707782234538,0.24255220345998463,-2.051364248356464
44049.0,-22.970873154646792,-1.4034003762496723,7.042995635615299
3552034.0,13.748310171428203,-80.1039163373734,-15.37161018854977
3486055.0,-32.72780841719075,-44.841764190573734,10.17362624996669
4711757.0,-28.570815734926896,-3.2586849984681527,6.488667301891111
37879.0,-31.236021324179845,-0.34923781140802945,7.5832616657623975
7155146.0,8.676477765278529,-69.07318638869017,-28.379319147771835
56192.0,-30.391438630434255,-0.7845885709715295,6.7947180806138405
4575219.0,23.18668746551847,-51.288943887220434,-17.34624805485722
2802839.0,32.589595177200366,-81.92143428493819,0.845324350181869
3109114.0,26.442746164849154,-68.82394171046869,28.021192705687326
7624200.0,3.9791255578814546,-5.961020165445608,-8.955394944891527
3556599.0,14.111275829875716,-80.6955203113082,-15.050547032453787
218341.0,-14.52218486050302,-1.9164528807021468,14.45996539565869
4786384.0,-33.76657993151059,-2.4412275613575627,6.130076617806637
2309815.0,53.068114787217084,-21.97465972159052,-28.14656925441184
3673330.0,13.168386338897239,-79.33713406923374,-15.523835076540042
4768757.0,26.53417679191454,-62.27880783674727,-14.034837086614854
54997341.0,-0.17875764936866823,10.486274087606414,29.560593884456196
2669541.0,-36.0826399828263,-8.582221543537237,0.26320431374111086
2369768.0,40.55695098058135,-77.33366302044264,25.75728617328189
4832592.0,29.191970616147923,-26.01159858651235,28.714372089638644
7666737.0,27.54991407457546,-53.17720064519323,-12.788925720230552
630781.0,52.33301173441357,-27.554700983543118,-25.69135436068656
3126278.0,-13.149406954868542,-15.448647943882046,-15.345156255821488
73830.0,-23.645902933434055,-3.9332210804337486,7.291666594323814
2866135.0,-34.245297360525115,15.518862872076722,3.190585279105025
3286337.0,17.436750101840516,-80.12666651754235,24.588258200676336
7631936.0,-39.68311804908696,-12.744188342302094,-11.60148412519499
4608114.0,16.98726305532955,-80.74000782296676,-12.90402718076361
4604026.0,39.86124152343158,-77.24829435201089,14.808631521147507
630389.0,51.83793791287689,-27.347725131314796,-25.129378516326298
3398657.0,-32.109259945454305,-43.63929446660663,10.556955365606195
2109109.0,-1.3092523756405263,-7.862424216895923,-1.7195008078891707
2384011.0,-35.12382278796131,-21.067744528391017,3.130295752953329
4778395.0,6.213699282416684,-9.080937555016176,-3.928900530646549
7686589.0,-27.91435951721475,17.801379770274217,10.596891601131702
65349.0,-29.169038013323814,-0.934398104046724,7.198258667608268
2900197.0,56.64427741407523,-9.73065104801529,12.04974640329991
4531062.0,36.032748055153,8.168655748565627,-0.45682612494935837
4480429.0,37.704963047433665,-4.736020529564526,2.1962455479536835
3474393.0,-34.97365731927517,-46.702894453924664,12.620148279315186
4483493.0,37.06281443597954,-4.548956041251702,2.647934690909101
4923466.0,26.507308534978563,-51.382790011496674,25.890432680709814
1340128.0,36.75362461626474,-37.97909657426535,18.422512988315134
4902867.0,-14.735003988367907,14.233797804340941,-10.888032676105823
4123952.0,57.457160493038494,-24.934254751144827,-15.914130227888423
74424.0,-30.41518736509679,1.5581820456033963,7.930118558015579
2652159.0,-38.25082183981235,-9.709639976957286,0.5232508955429025
3472087.0,-32.144134817685504,-45.16844463587805,11.667263926863388
5965411.0,-29.024907907017127,-5.242190737564735,-2.6741386758802963
4819420.0,7.230347763046661,8.4495989825969,-0.1904836849878527
3079474.0,46.52735107373711,-79.91061274728638,-2.0176276801178794
3192730.0,-10.288788943439105,-18.83565521426869,18.508432150341005
7191822.0,17.396178091819195,-41.25154247280061,-0.28218075623521877
2521932.0,-32.65229076468342,-42.96076159058407,11.301841796528988
4538072.0,34.7358695573251,5.641922816113002,-1.5054454536172845
2517884.0,12.503850059492922,-16.3239886800454,2.8076129593272663
4669017.0,-23.232568027316063,-3.870177758244528,-1.3887248193894957
73483.0,-30.44877652211593,-0.26341196777885767,6.341752184375448
4339780.0,28.04800012308521,7.467093819387764,-6.162203968705839
2415423.0,51.91624521211949,-68.17505001715132,8.98355544832921
2927809.0,46.966924487714735,-76.27552912912654,-3.808775084945758
1033456.0,19.054337031431974,-75.49015201099931,29.1224356861516
4130723.0,-3.952268289088103,-1.2694730219170474,14.556578841207147
2450393.0,17.069883753226872,-34.2779685296867,-14.191359112392508
1762987.0,-10.604229731586043,9.947183677113212,-8.98887414177728
2072108.0,12.768723549011657,8.915777354229176,-16.642294693110454
2573848.0,-34.97447533512936,4.067847180239079,-7.392141451409282
4884426.0,31.42426920271779,-28.312682334804833,23.29988867836639
6636869.0,14.175702402007346,-47.603939527965515,-4.634911254750291
72437.0,-31.165652245751517,0.3723631082748482,7.310882259510816
3300713.0,41.239657631787836,-15.946325019899954,23.63750531821354
3076472.0,-25.796985052985843,7.358623568392563,-7.019824089977868
1698368.0,1.4501454265005795,-2.431232882892081,-6.289844206286433
3436884.0,-32.91266582238411,-46.16087227459276,11.587278306455074
4703202.0,11.854016866136737,-80.8468453299707,-14.8261069351175
4798791.0,-36.944720549615326,-42.91925901999909,17.234881555565266
246800.0,56.76941534456233,-7.991067536689816,11.318423863219294
228012.0,13.328910325099665,-65.48102783623037,-26.428358168322987
2501257.0,25.749475294437367,-44.757869084219834,-3.360047052103946
4248593.0,-8.044028590793141,-2.989323173218173,16.803958091708772
1752498.0,42.66477956549835,-33.67788673820343,20.665675576178344
4562581.0,22.830731869473098,-51.23512476466117,-17.08055239684803
2662012.0,-34.81790514639023,-6.21843205049921,-0.5082542336291396
2869771.0,-11.784723437091474,-4.554671342827443,2.763383388821183
6632834.0,13.738631338775791,-46.394475590243594,-3.464098128740491
3435558.0,-32.5201989094128,-46.12140150013023,11.03921027778793
2873974.0,19.074519653315303,-7.559129526030876,-10.03023674501509
2408662.0,14.068553128202565,-84.69124627243461,-17.352728241821513
7660961.0,-34.81711743993495,-29.41771746982575,6.792003690443803
4444312.0,17.274224660157742,-36.319304155917585,-20.99540226409792
6603719.0,39.775780372467686,-67.46963294906395,24.874402505103724
4737409.0,-34.75857970034811,-23.030568548958325,2.86796433908954
2868608.0,-22.063108406143446,-63.14454056437177,-6.668551903191922
4955584.0,0.03674334524669942,-3.3787592172055634,20.219438744421417
6624887.0,32.263440681211065,-53.140527112707225,25.257321799680444
1713086.0,37.43470001717423,9.110435574789323,4.46825890732703
3470021.0,-32.90461705632507,-47.67488643617136,11.196052296653367
2865053.0,-36.4938023240366,-41.132315189870994,7.8317537962885675
4932918.0,51.65829553222823,-58.648833984433175,11.301686191397147
7211626.0,36.68309350131888,-31.397254839811612,20.164974164118362
4710750.0,19.8518973108459,-0.4040098041047506,-18.37048471655035
3434292.0,-32.653047679563386,-46.52457031486275,11.70246006901793
2605544.0,-20.822698869731667,-5.427924010644914,-1.0383104301929094
75134.0,-23.973756801587648,-1.3052930276649488,5.906779673429728
5325834.0,45.734061867724265,-40.234611921607694,-28.090011351929935
34157.0,-23.72482682088513,-1.7449687666432543,6.84763396240456
1422969.0,-39.99342004485119,-27.046890632903178,11.916457112893902
3245897.0,17.025832941268725,-63.050199297241065,-21.137882189328764
2089822.0,-19.20608050195045,-55.46182459338575,4.64090996382102
7685816.0,-28.52637524181557,17.326771297551392,10.066977028105725
2922541.0,11.893252495748275,-35.59365081363906,7.5320042719748725
4224769.0,13.946230800407617,-65.1367297042542,-26.330438963826218
7145652.0,-0.9917595857523622,-75.30399717087515,-29.56581593605461
3305581.0,-21.49220364244386,8.324344720854864,27.9915384040017
4943009.0,37.32671956802167,15.306750405956288,-1.1183416888533584
6683592.0,-3.1464240041600617,5.706758603787108,-2.4216223754165913
6681735.0,-3.145191363206166,6.109749855881786,-1.9989616934878784
575568.0,15.224549748825709,-85.36110271295286,-29.594525019269582
2824843.0,-7.924705118210646,-46.30561536925579,18.144552267143787
5310993.0,33.85646658929318,-55.23399893118584,-7.627838606869123
3535998.0,14.475847982747908,-79.83896626782318,-14.842813418176549
2359766.0,15.25933957450069,-76.85357558745366,-27.210846117775084
2314230.0,45.18658357131574,-77.7013016550286,3.9464156540256976
635915.0,26.596553137600665,-78.64685548033042,-9.894182914955142
3202187.0,-33.12462456445684,-42.11595159465368,10.145316509426408
1053669.0,15.38533916477708,-26.336728767558377,4.492032607592851
4124193.0,25.700256557021056,-64.09676448900208,-13.749077084211326
54975668.0,-40.1850608200494,-52.68310425294239,19.94983871430543
8524813.0,47.44597994863693,-18.836725818451153,17.432402909348923
3544125.0,12.962691459368564,-79.66291911853233,-14.959884286957761
1019113.0,-26.903282170873005,2.103815448457789,17.29436342251423
1779415.0,52.27800263988792,-3.972228021976816,11.219159787302203
3841778.0,4.6742358146726835,-7.575235207268023,-12.225304798479533
1713353.0,37.51952704147969,8.682242839501644,4.740768974011438
4799970.0,12.264403159600091,-78.73353086887676,-12.848878676817677
4864681.0,57.279454493857536,-25.064725920428092,-15.683565435073138
2340104.0,-1.8992698197686784,-8.861885831309639,-14.037328476342203
213585.0,-7.250357194777371,-74.78655287820034,-25.684362364883164
2650548.0,-37.883005370946016,-5.260951020191789,3.3920254915356725
2931395.0,19.395758776418646,-52.08254040896533,-26.13240528464877
1342882.0,54.253010366478094,-35.67271123615989,24.612277126074808
3043499.0,30.484312892644194,-11.131433958234444,-10.984059572611741
7625818.0,3.871994853372869,-5.723061369403818,-8.648815879557905
4200677.0,32.54856279307935,-28.635058928264414,1.2839660750359219
4486107.0,36.79377194291052,-3.326457702969604,3.3345718055633538
4637909.0,39.92288552975618,-4.133480133940404,4.0983878696474365
3067577.0,35.51846915753853,-28.528915841761833,22.358034539704267
2948351.0,51.7685753742939,-24.980703469130987,-25.953210171811776
4358467.0,-29.49479636812594,0.5472046042190498,7.334043775632576
2743609.0,26.331811822013044,-32.48326906417315,15.379577137638234
3054575.0,19.959810211286126,-12.945839607498403,-6.154860254045357
76614.0,-22.059092613188984,-2.2153258043877204,6.953205021663864
222927.0,-24.624232551497702,-8.80658876121407,-19.79523734548236
3552261.0,11.012750400101384,-78.53323712048751,-13.86910710575737
973239.0,19.01333403495509,0.6239493085461634,-18.444328850252603
4565801.0,23.22006543854576,-50.93675181409816,-16.86069741453592
3484177.0,-33.271663580481324,-45.49891848415375,12.339472019627992
4723251.0,16.09080714785324,-83.77223868819023,-29.72109047748898
2530247.0,51.247593387449896,-39.14914451053352,-28.19111898129385
58891124.0,40.82635157039227,-72.35282296689466,-0.7282827696313898
4317556.0,-23.93466737603432,-1.6155370319589748,8.15641682899294
4737608.0,-11.07402423126305,9.23037295298987,-9.069471542876848
3105673.0,-6.689679062705796,-9.749483126765028,-15.00782394922136
5991296.0,-5.8902541020936345,-3.353825472439491,17.474910107357108
7666491.0,27.994940477356472,-53.40279589720468,-11.909898526400532
4370598.0,35.597799399601854,-49.12113157429689,18.9411866308779
2982551.0,57.45343900040517,-58.18229961970509,13.438201040274862
1752113.0,43.034992038425656,-33.78180813335558,20.558193945753946
3760170.0,-33.39390412690446,-46.24954093778098,11.71586648897895
69313.0,-28.38364162707058,-0.5890242925394786,8.329707340408902
2806581.0,37.46600636315905,-54.71439264727761,-8.867114843611102
3183489.0,-10.487762021114488,-71.15743399132631,21.81482746827863
6632355.0,13.929351822666494,-46.92551470932486,-3.8255125589669134
6607759.0,40.1484075282381,-68.46165904299072,24.038808700780635
4714395.0,14.366017802077867,-44.105280417515814,-0.5721863379959746
7666152.0,26.88693303264922,-53.33213281350198,-13.666245780342333
1380204.0,-3.9525402388918565,9.926680127740664,-3.6672550213308623
2402019.0,30.205397305233063,-50.35738794232223,4.695075471326845
4706923.0,-29.137192494857583,-4.131222553138378,-3.093651463965388
2448459.0,-36.41437624704628,-14.957860260648019,-6.3161403416770385
7678714.0,45.003600601178064,-21.371620742797223,1.8084939581124262
636105.0,26.152937392248848,-79.14687159029405,-9.613267319950054
3080434.0,39.03453803392528,-78.37195707014949,10.439617532359243
2343510.0,30.060810779892176,-44.18838952327253,-2.73393469356
1425777.0,38.30706108672068,12.517999748370944,3.9993300685500293
7192054.0,17.392034861247677,-41.56138267340058,0.503650393229857
3482791.0,-33.18341003804559,-44.75395120621639,10.978512847919898
7212362.0,35.466932547172966,-32.45330614003829,20.241114354060606
4662365.0,27.6343004320075,-80.11277267723165,-10.325591581470968
5999196.0,-6.6205903853488,-2.3855325891303787,17.070139940175803
7156260.0,10.23457010559192,-69.78423443676769,-27.88627023642132
7210517.0,35.49828841749697,-31.866498629073686,20.756330130092103
3125004.0,56.34893672873498,-77.69241171397184,-8.295043772793768
2666122.0,-35.38522370894992,-5.362342717637784,-2.6216314038833346
5371612.0,15.516485594118384,10.493581516072322,-23.79722771193756
5988782.0,-7.362299831161378,-2.5336485768567867,16.83052528666474
4748550.0,8.774704146000985,-79.20435140862875,-14.653047536955828
2514549.0,-0.7463067353577008,-53.77180624277385,7.5145366194357015
4090107.0,53.29416321682601,-18.54772184682055,16.979346977914325
224939.0,-25.11802281349465,-8.980861568721553,-20.097191342550538
7190132.0,17.66983274169415,-40.999265530305614,-0.03788654638941047
55308.0,-24.13990296401685,-2.313447359759027,7.258505710669147
5992780.0,-7.348100061504451,-2.0015672706774374,15.997919555625025
2682318.0,-35.9599656683157,-6.989975422185323,0.9226178514154006
3974265.0,14.642123330359334,-81.50463233137972,-15.746176673020845
66177.0,-24.37842920031722,-1.3237757926838392,6.721840371355791
62996.0,-26.39733769827756,-4.736091300467111,5.212072732765225
76236.0,-24.17909333418295,-2.8461330173476203,5.394814983174204
7674602.0,45.94849180193415,-36.08125813405537,-13.984477367803551
2955264.0,55.12761675365437,-66.49122989059697,12.087518981082555
2883850.0,-9.148716507841002,-7.392152533991664,-25.93365821039989
15362842.0,54.07278298919794,-23.66103006083128,-29.885771577130996
138061.0,-34.88992194214272,-6.358837574631707,0.34655026172800474
55734.0,-25.038475073991943,-2.3880178769508795,7.87030077645643
2919346.0,-38.51099357741433,-33.964695259017795,20.667557118974514
2386903.0,-17.581814654217155,-23.20573854020797,7.6933767676031595
1730539.0,14.377860448941084,-59.498938794945396,-8.580348273390655
2112127.0,-37.335543409630496,-2.704958921207086,4.920812673132135
2737661.0,20.463636785299915,-52.85531873894542,-5.084538079332811
2650085.0,-34.49753521027253,-7.203983489445534,0.6246022478218576
2818100.0,36.44666495718816,-1.667211988591724,2.482418717139483
71204.0,-23.123178163897503,-1.0061087481543598,7.3705020486754265
4005557.0,14.936811009678344,12.802281664247001,-25.29888009988175
1006555.0,22.9887505965165,0.5056944223874459,14.77680307456206
979581.0,49.87996238613521,-43.06648182441702,25.771395085992083
4488657.0,35.72990591937197,-3.674205475322096,3.469209791414919
2435368.0,49.916763348947505,4.075556036196997,-7.441354869103352
1337769.0,34.248215720054745,-5.449412023063079,-0.9264840200522593
4618292.0,52.629060203962425,-1.59473737708108,14.484529790876898
2752832.0,16.01543600703465,-3.2279033218816853,-9.622858367729759
5372523.0,15.54299693150719,10.551079935870883,-24.113667431310024
4236161.0,38.620619422723586,11.521389064375915,4.407620477130788
2913379.0,2.563129911776382,-11.849185476104381,-19.482069880722655
4487602.0,38.27164127516835,-4.406562559661671,2.3981469436966814
53219507.0,51.59045631364473,-27.645345906282767,-25.0559986828231
1416533.0,28.354008618500174,-10.53514725318769,-4.393798183074278
4761322.0,35.7628919947431,-47.87455505050695,18.12914764756224
2077367.0,37.89928895484243,-73.56081868600931,0.5995178277073823
2734858.0,53.959893529411275,-12.30107907772444,11.025055566575482
4825365.0,45.81411659526066,-45.04286351081573,-26.275449562090188
1026378.0,27.153275236798674,7.094070076774468,-6.374047250693495
4532419.0,35.49824925657628,7.624055491728496,-0.9948515985739612
2360137.0,14.820125987771318,-75.7203957825476,-26.337716572242265
7158393.0,-19.619150138684493,-3.178627317104098,3.207495705252988
1749435.0,31.18438559371984,-46.76850238134641,-19.47127553634202
3356622.0,44.24528330702012,-31.848365013170678,-10.878775624214384
4577486.0,21.784202004611792,-51.54515172529426,-17.191801898828906
2978458.0,-39.17359343877981,-72.34155566753546,12.078741075245729
2780196.0,7.6407702293563995,3.7461625037785584,-12.880424056721411
7164803.0,44.54158737535281,-0.402183448539697,-1.3914169075909033
4659909.0,39.058597173201186,-17.08522112918819,26.075933162026622
4479791.0,37.05522795566818,-5.657903656332642,1.5065593816340175
2592186.0,9.779019876250276,-21.800852231565823,10.48707441481142
3137258.0,50.67303337223832,-67.71444635903693,23.141147479490904
2998847.0,-41.408069906560904,-67.75497638210268,8.056142168436933
2648640.0,-38.28576340206412,-8.588167703334005,0.3888286149029674
4519509.0,36.06898332792039,8.390503538128193,-0.46636736562744163
3368540.0,-38.3462957256899,-5.987244461324219,1.61197260358338
2303129.0,5.3400643243960655,-11.143565362011799,-14.854730169842595
4571694.0,22.935842503164466,-50.856143803692106,-16.641900521158483
7647871.0,33.64727001201393,-27.667870548871363,0.9472641596506968
4618760.0,37.004777806183846,-71.73777185376318,-0.34052151988815105
3292263.0,-35.48882890045651,-7.549557571589175,-0.07378768226253785
7153700.0,8.730624125396027,-70.32233307930501,-28.507933040396367
14279046.0,50.69339557395216,-15.152852720025814,9.866908782488698
6621771.0,31.934007296529984,-53.35469062279066,25.904380862409113
3038288.0,5.8805172151445655,-50.482847171320536,5.662692897578068
610519.0,-3.281062579370119,-7.102990085337652,0.6522252045256638
4379740.0,47.786687451529424,-26.082128833807822,-6.376735026719038
4530099.0,36.35316318377976,6.767048305239098,0.28093005222488543
7673265.0,45.74332311028369,-37.00838636182814,-14.21003349727771
993236.0,8.6010243015745,11.875286829643615,15.425829043647893
2077865.0,38.47492078011288,-73.73771180783764,0.4776120102759194
6633993.0,13.792552933662263,-47.642058584831375,-3.609191580744019
2305562.0,39.73336474285895,-25.04573394963944,10.87927412862097
4362113.0,16.061750174994966,9.796669528152496,-22.68435680792752
2994597.0,45.19624321763783,-39.30571528561198,29.787970777920656
4774785.0,37.29345214848275,8.539722487273137,5.30059694366915
3525686.0,13.881453153327818,-79.83450208604181,-15.02470458031238
4732792.0,34.46380017441943,-0.551251491096844,0.3758798744217793
4757909.0,-39.8726410052695,-7.176978395501818,-0.47067717060243286
4574797.0,20.06444081220129,-51.16509856059706,-17.365902313384616
1715517.0,24.60263805368972,-77.79618141806473,-11.3035066205781
8512993.0,53.36172008889079,-2.9706797591318077,23.53144749320593
4583145.0,21.832080245379046,-51.28927525172329,-16.88471306253733
1745626.0,4.84620298180061,-42.57764712076514,23.27949311092479
2399148.0,27.949681627981644,0.38946221007607273,9.681995123265724
4613727.0,-39.27886027062536,-6.236906065660241,2.8627061929683
2088116.0,16.782470902638643,-45.63363356776637,23.99299646813886
75479.0,-23.29536706867316,-3.4584060866225146,7.409827460461337
5321154.0,47.434855678144594,-38.77610650551669,-28.521622350170368
217417.0,-14.609522156066074,-1.738884441736229,14.398991089857494
3538779.0,13.357135699259263,-80.10735801331785,-15.41097912515017
2733167.0,-27.943407472424774,-26.38550065477667,-10.827391824912324
1412828.0,-25.32304311411892,-47.338057477588336,10.02045496563628
4231116.0,42.3211280388647,-35.46089580445054,19.682753107512575
2070557.0,-9.850525081319804,13.7882563776779,15.271104899483904
2063840.0,-27.192537615701042,2.365162208890247,13.79786005601138
4386542.0,-41.92167679656475,-27.924600400145383,12.029668992689421
3481217.0,-32.397601368476195,-44.388804939139995,10.800218381335098
4705641.0,55.11293062949298,-3.0252185557906337,14.541733118913063
4532114.0,35.79987698790879,8.960005091521536,-1.5118366916356871
141442.0,-34.40446101379532,-6.364932913033568,-0.3317659888387996
2825136.0,-7.965585757317067,-46.05943467035891,18.06555919579005
47025.0,-30.874291245841718,0.1913570850542795,7.475149709562365
4791256.0,-34.985426340503224,-47.99114324564027,11.57252341789454
979922.0,50.09965630944071,-42.444766921644636,26.295520801210635
3479458.0,-33.8427020717634,-45.609929134727736,11.80687610978011
4485341.0,37.24723116991886,-2.142081231237382,2.390688419679206
2430161.0,14.473947113409052,-52.48094529841499,-6.876015395236491
4542249.0,35.41991941355519,8.080455888695598,-0.4101268459795744
4685688.0,41.69167229305578,-70.01938706697901,24.120213611337242
69513.0,-25.080662213819718,-4.342115901392171,5.02089056377069
3288225.0,18.109472032863287,8.056071163654536,-17.956895867219988
3008926.0,-22.810082531732878,-9.653263883313635,-22.34515820474348
2551279.0,22.193810353233104,-15.795396917648361,25.653619487428422
7675217.0,45.563334304709684,-36.801309569381225,-13.343097117818441
4176535.0,9.618210439129339,-46.610920177018876,3.2965037449957113
4560273.0,19.761739385295083,-50.69668469051447,-16.67748839648854
3109615.0,41.047518631043076,-77.64114310232338,21.766455902968694
2400900.0,-33.74390072859128,14.2812384817354,14.522359318641833
2779462.0,36.82461221131572,-46.63141260095919,-8.33970489343837
4482991.0,37.32122472577319,-6.259287786233824,1.3072759633933444
3431983.0,-32.61363167533197,-45.9925711930645,11.674972147482901
4525157.0,35.83594275736655,7.985071130025133,-0.3498922401254738
6593414.0,-27.704579289143044,-4.2565087642560835,2.9641365355436853
2529891.0,51.62728887219225,-39.15817556327295,-28.44444875118777
2059994.0,-22.370205846822472,-4.701518389955413,-0.6348681964890317
2822620.0,-9.860778858489724,-39.4140336815634,26.20797135103424
2788036.0,45.84133791231035,-34.870175523330545,21.927716422211127
4542770.0,33.71976740901526,6.9278384439471825,-0.6443240992095851
2082099.0,-28.18288094814961,-21.02372472822508,4.717675510257056
68376.0,-22.713509670677904,-2.0198708019180844,7.7410843896334445
2632003.0,-35.16680889723317,-6.282237868149851,-0.25532218034189835
2849683.0,6.584235136856132,-49.73947530809735,17.34682015575628
7693459.0,48.228465727378925,-81.73345095453857,0.07985339277914427
4620935.0,50.75603471896181,-8.143940052948492,9.57078101862375
3274716.0,-41.12477635702625,-8.227883048605694,0.4005253588000661
6625283.0,31.651894998194027,-53.29260302093965,25.983269591249176
2867701.0,20.47062478130995,-1.1004625774484988,-18.41939619209486
3771042.0,31.43804599997297,-46.85034854376005,-18.650412893895883
7657927.0,-35.136690437028875,-29.358927592574872,5.223304175671622
2910655.0,50.96066741321274,-5.243706994588706,10.238089416087476
3617202.0,-18.77252719425449,-2.4410086386711503,3.2041554932075247
4533975.0,37.19480891090167,8.731878926536435,0.20747414347836868
6604687.0,40.519624601172616,-67.70919651520039,24.210320262835037
2850127.0,6.623811597045135,-49.583976883315174,17.236058376743074
4009776.0,-32.244541548501694,-4.8330152072110515,1.9635749375565714
2372293.0,-34.86000942654103,-26.067992491435902,-7.050145624931699
7662226.0,-34.13440351255798,-29.928486705328755,6.018940595908331
4446842.0,5.106906096893174,14.48679715681202,-17.604925546796032
4225444.0,-35.80634389361309,-78.62741886502276,13.101681999916895
3217927.0,9.351626717244141,0.8031939468721258,17.26964840330491
4270598.0,-12.62492040072309,6.965504023498002,-7.257145759213897
4475900.0,37.163182190097125,-4.600190827342672,2.721591768454996
1774216.0,-34.04681533247363,-27.0612939094692,1.7091651262710439
3537188.0,13.027048289682815,-79.3037192510534,-15.699483587074376
1736395.0,32.74572085232481,-35.25652431261518,-1.4169068195563517
7645674.0,33.56889806507199,-27.69321236198711,1.3867248087929616
1363576.0,-34.786065606097544,-23.332521329666854,3.9136459861707484
3023138.0,-26.9603367365285,-61.68105325763492,22.39761366308646
4580611.0,22.72944771897015,-50.951112007705895,-17.748967369026662
4649991.0,-36.781290815805455,-48.20654410829982,18.770167405541493
15573956.0,44.856147616969636,-78.15491402942642,3.6694714152815724
4710080.0,43.295408256275735,-15.580226172331539,21.81737127155882
5964972.0,-29.88087663141967,-4.504067438687619,-2.705151951673952
3260590.0,14.294855804499797,-84.03198942054757,-29.043282813255317
7158699.0,-18.473092662003204,-2.9921510047676607,3.947497339263563
2094039.0,47.83288529490951,14.821285517722604,-22.045322605545092
3795028.0,-32.59711619505601,0.2675272813163365,8.71693847328838
3213237.0,-32.949512860965235,-14.201559973531982,2.6172312516453387
7626515.0,3.39094172018004,-5.587823086216232,-7.46905837921352
5993250.0,-7.0441889929358075,-2.6837984745289636,16.660929117481995
4577754.0,20.065535895490058,-50.741953615400156,-16.456737636498794
576496.0,14.657094015541276,-85.38666557996352,-29.49655709545734
3809752.0,57.72397588318208,-4.0693565727542405,4.049093003858892
2778567.0,25.124601018714333,-0.47554978804489156,15.546340536295613
6593854.0,-27.286437299440014,-3.821522819839262,2.7826401404327985
2068999.0,-6.137765671236698,10.611409981265492,-8.071920939026
2940132.0,49.73614200906034,-18.411217271419797,-28.906863072688527
2093593.0,47.064704499233265,14.080697372060632,-21.47369347819398
3547909.0,9.374024440400959,-78.51009997400651,-13.618283576239355
59098.0,-25.670963521978546,-3.449239164643565,5.895326667515919
5377404.0,14.984860377826678,11.315951208981257,-24.91032713638251
4623152.0,-11.534589811772577,-13.059361567978183,-16.6966007334633
4488252.0,36.66781730159028,-4.844865991777306,2.0292722402106484
4699033.0,8.39343631348226,-80.07052261257193,-12.715949631420644
2399440.0,27.548496839110264,0.36616727345953526,9.605037641944866
2757059.0,-5.884554724368441,-64.07823152548417,18.228993520787583
44842.0,-31.08978107335383,0.1356351292773561,7.804952521215324
3463998.0,-33.32665333799456,-47.72016811067163,11.08408179557809
2672027.0,-35.71870531960055,-8.025102958567723,-0.18095528266577032
1006130.0,22.866623444316563,-0.33715837021014305,14.719660602730984
3548608.0,13.779152461914617,-79.4081900203058,-15.209225238544146
2550735.0,22.74387331692019,-15.994069370806216,26.00600380115
4153863.0,39.744136537577354,-67.42820034649043,21.67768304051981
52523.0,-23.40589139755662,-1.969865307449152,6.573468058113378
3007610.0,-22.888559511502017,-25.571850019044803,-28.90636588971161
6633460.0,14.313872660646968,-48.46352376887158,-4.795348773237645
3800537.0,30.751922167636405,-19.901201082637048,-29.52126131190849
18168829.0,48.93896797566891,-61.73135132959869,-23.11169677916318
3757175.0,-34.171031593769804,-28.033460125627922,3.5189771842821056
2614846.0,42.67255950783606,5.8365349540792515,-27.731244701935587
7686872.0,-28.10569120405603,16.670098811679562,9.779183264929294
2656791.0,-38.55898617318913,-9.236374297342643,0.06913277055850298
6693193.0,42.139447479006805,-20.173199636762945,6.828518385274628
3190703.0,-6.264729040259597,-4.0165817471168985,-19.807563366156042
1752785.0,42.89083438347534,-33.68633515120271,21.025587830405925
3702433.0,-35.0568402180996,-14.106733855295573,3.755515311134096
1762444.0,-10.413794328295568,10.062578508432056,-9.511121624079962
6680759.0,-2.8248518131669997,5.611516173778801,-1.7681603472075782
4278959.0,47.089791149553434,-39.39669968238626,-26.300730890351346
2812916.0,50.59774973293301,-41.05899670766915,-19.51747629970754
1010481.0,42.440532541063234,-57.50692914000417,16.328039873843736
4521742.0,36.15703843990779,8.351180449160072,-0.3194493407738004
7630662.0,59.08591301945125,-11.813158349154119,-1.8164150541027686
2645762.0,-35.26291542956801,-5.921617555451451,-1.7756204593386533
2664958.0,-36.0008869775652,-7.8725157114449225,-0.09351868867621604
4518274.0,35.509938120110895,6.086275645991712,0.585298679218325
2066280.0,30.77924149652315,-48.79032988281977,28.15693719005486
2418270.0,-9.204397949738603,-50.9943421833018,11.582249895758348
3884020.0,-12.898467043901547,-43.138921105434065,23.18143186523009
3556081.0,12.262847196040616,-78.67190445520525,-17.148248563434393
5311765.0,33.83148326412487,-54.78315158547611,-8.812285002003165
2119506.0,53.011307025988735,-77.18549570077117,-21.771495579372647
1758046.0,-36.05895851278118,-14.097659968798114,0.5942907085445714
5368410.0,15.55964499442224,11.385746301077935,-24.25466983143937
4387924.0,-9.302551438811433,-42.232775121456115,27.21160880582352
59557234.0,-34.98511171426603,-44.23987708277198,-19.89647154594942
7218815.0,22.717336846240897,0.17312507079549766,21.972253196341654
2827243.0,-18.96967112432209,-54.047291259026046,19.635796335579485
5367150.0,15.806988999866451,11.10979558400513,-24.15462127737274
2766841.0,-17.87891174327297,-21.708498717851523,-24.84174223622831
4325613.0,-37.20104688491882,-15.371280045872073,-0.019102984340053197
3902336.0,-38.72113482291922,-4.853458085504129,-4.515475267893528
4191222.0,6.687005872183244,8.117799647734158,0.256373702309931
4355966.0,15.183266215176303,-74.85158359382584,-15.488637558483873
1342536.0,55.09402025309052,-35.75208461825712,24.510017535333404
2786714.0,-33.69902163362515,-32.56237186104251,6.792674746994265
2302874.0,4.915545831776597,-10.627990276238288,-14.540277815191308
4522287.0,35.61885235056431,6.817457582946078,-0.13765650267083895
28851.0,-23.840401471508635,-1.6614496455401486,6.443330161928453
6616434.0,38.57254534915381,-79.79094869878048,8.33657774897953
3897847.0,-27.917834595233646,-4.471806056471865,1.0556448229303572
48897.0,-29.77025561651735,-0.28393697502031,5.845956399095445
3625118.0,-34.34190049977551,-7.58697611579048,2.995089967045666
3534856.0,13.26481062994407,-79.08171495584115,-14.991400677591447
4128775.0,-11.651982583980574,10.639521429316472,20.06423022802963
59942.0,-30.004794055478445,-0.9268048955567583,6.899450609885823
4265155.0,49.707310507725516,-60.735602029403715,-10.002370311595167
59268364.0,-23.228165538679704,-37.01217598323008,-22.843481925894572
4308170.0,34.70262302328427,-3.1865351296455637,0.41978736228519464
1049467.0,-38.926884122591716,-55.05345422379587,27.89597527876725
4161617.0,53.106471802132575,-29.943952810468698,26.496617314812163
3058412.0,16.22711105481418,-77.33785906393241,-18.888998611130162
5964063.0,-28.739568633144483,-4.715509538283415,-2.1573823450110656
7160316.0,-19.51805887595806,-2.7004541306492937,3.606426499559525
4411962.0,-17.979089100458765,-75.91198939189599,-22.6045335035695
3476825.0,-35.877832644787986,-45.93086751522925,14.884670143067527
3472775.0,-34.44180754709096,-47.00050640499687,10.495896319822483
3497086.0,-33.05581193323386,-44.77483808325378,10.75424890559283
4528805.0,35.62331747562312,8.217683469956034,0.3680252287387402
14402768.0,9.365096049781865,-47.11391142390214,2.8980855352486232
4185563.0,-34.44830408295696,-35.142946282251366,8.660238679502836
4520853.0,36.31389429510669,8.749314178197505,-0.40589828303206366
6615206.0,38.94895547814088,-79.55472872266498,6.9161468522791
26264.0,-23.529933486271297,-1.6444830436079925,7.115031283605014
3085436.0,45.728369767709275,3.0842558141318266,-7.305548414540093
6604260.0,39.43717835881028,-66.4743073494928,24.142263331566518
4241232.0,-28.10741997515025,0.6248987853359951,10.685108679239235
1712707.0,38.041581082620944,8.664086158573806,4.675861215108776
6694217.0,43.63824311327788,-18.577883355793976,7.012554163824035
3059940.0,-28.688339732226503,14.619527219251118,12.155099942753715
4057706.0,15.898962931498943,11.24831520943672,-25.896324909789968
5964527.0,-28.440401488674564,-5.360212283690063,-2.6060436810896768
4115340.0,18.098173475801428,-44.577990712340934,-1.9412304113425298
4051167.0,-17.214596190526116,-9.890477691901356,-10.342767734287024
4309209.0,-35.94438279550444,-33.758913322764094,-10.470503839340573
37177.0,-23.339520392777427,-1.1367240711813342,6.413750376738641
3431642.0,15.891792091453773,-46.323380750945944,25.736442322241352
3174236.0,40.03129015936499,-40.7287405965682,20.034831281263948
2059558.0,-23.564584873314853,-5.110975441019764,-1.4083897332621214
4074675.0,39.9091405189956,-68.1209294282778,23.36242879387791
3787307.0,13.757820599940983,-75.56301097769105,-17.699771873162
50129.0,-24.503666389302957,-2.538993212292964,7.202049517405178
2309364.0,53.423533105270344,-22.19419650891721,-28.29740271763358
235760.0,-39.15347889152486,-57.48430763291766,26.84588732078604
7674871.0,45.32655502594326,-36.28343651037507,-14.524275368896348
2498862.0,-5.349524264623264,-19.11420457414554,-28.564444522543013
2101656.0,-17.158592161492628,-2.886810219115416,6.61894927477141
69011.0,-31.745714234413626,0.35924799231126114,7.506193975809699
4082630.0,-34.010856537779105,-51.49104214325463,9.00403024992114
2621452.0,-13.200952711960166,5.646859661284793,29.264352668546316
4162724.0,13.834674222301626,-65.30108946481458,-24.660294733360228
2904816.0,17.19192154699591,9.698386017919482,-22.270033340353233
56966.0,-23.383255726076744,-1.574066384708153,6.875088393327571
7665856.0,26.833495040617347,-53.2813726369303,-13.170442411322906
4096821.0,-0.5997326926625122,-21.82990007312824,3.6415606534808758
3622846.0,-32.90517484894019,0.10574214988009822,6.01042927009929
5990641.0,-7.384334260550536,-2.50703819720282,16.13405971392179
4382855.0,24.123865670895256,-32.84968316808217,0.564165915177119
2778818.0,25.28229374497507,-0.31111164523247337,16.022661145484275
967210.0,33.11731355875673,-5.109449895653895,7.781180005626441
635183.0,27.19476885241078,-80.04434413232038,-9.893286843109827
3840782.0,47.12346538633611,-21.88432230370933,-0.4010802497661281
971609.0,19.048346986324248,1.8578259665459353,-19.45416821933896
2786223.0,42.01754699216122,16.75294992449883,-3.921554858803836
3718147.0,37.92245415343172,-8.926158128746989,-12.929674589756555
2511899.0,-35.16345091263519,-16.56864730662731,4.7393378730005065
4570742.0,22.889869167139842,-50.36942707346585,-15.998782115495398
16806775.0,32.322319997033496,-53.560035410303634,25.508713368679963
4066459.0,46.99435469721009,-74.22791004522938,-4.71543381204712
3487984.0,-31.27900367844584,-46.319434898288186,10.60267858659942
4289657.0,-31.283493223526797,-10.427513972902007,1.9758535334983698
4030031.0,18.11276618309557,-79.58170039971922,-16.160261328053508
3356938.0,44.366060585417856,-31.830801048295847,-10.696045798072856
4091853.0,-19.122277159853102,-2.371819020347413,5.970903551727486
11496983.0,15.770148294426324,11.215430938181736,-24.392111296048594
2767283.0,-27.78844040926493,-51.21797513971732,20.072626315080207
6611996.0,38.84426788711382,-80.32562961543748,8.034525636592146
7680015.0,45.13835647560028,-21.479663139554354,1.8931541353723276
1776127.0,-34.22579548356272,-27.166264281386784,1.725442026005569
2813923.0,-26.998788276616978,-3.434044586843855,-1.1693260404145247
7652966.0,55.02014950931352,-62.18534081814143,12.862318177857993
70843.0,-27.07297518244483,-4.126026450032326,4.36758721104381
130678.0,-35.314707011908965,-6.962588609776349,0.19590191902942866
2608654.0,-12.117718312113027,-1.4373915503664887,2.6251542878547025
1377286.0,41.06134599475968,-21.354090896431625,4.98879331637486
4110334.0,-23.484010648980785,-4.7276980673620566,-0.5628440810487014
1755512.0,20.81156384603394,-56.75395098257797,-13.120629565267976
2850795.0,5.304386895898808,-1.0333718265654794,18.685434227276577
2657145.0,-37.16895013844967,-8.63010328119214,-0.12637248235534182
1418294.0,27.97738801261088,-10.72657980674271,-4.635028702078361
4489077.0,36.25706759752917,-4.308818621358021,3.8638483978776677
3756271.0,-24.97239388010779,-4.501552896130077,-2.4463643202472043
2632460.0,-34.4148016329288,-6.532403218988817,0.6204264823612955
3045593.0,-6.997201730612682,-50.48739526885117,12.190779436465464
2323723.0,9.312485733066305,-19.169403784162377,6.789189290675253
4211954.0,8.630468996416374,-48.73823974459219,4.026822309993179
2655027.0,-37.73875191317826,-6.210768181020604,1.2676117256008093
3433382.0,-32.90599614907397,-45.732782081477374,11.614100338972449
1039903.0,49.492076786891964,-15.517904147010047,-25.339954993056224
1744495.0,3.556571958807961,-15.626130682345035,-20.55760980439423
4324477.0,13.540375187624456,-65.45595002958753,-9.819373646092483
7173884.0,30.5754319004863,-46.411882370243376,-3.0497352643383238
4193815.0,-34.5159942959157,-30.0465625075235,6.82005475240811
2350303.0,20.443012621967792,-83.47906113163079,-16.98542158974157
3918804.0,39.07585971607192,-5.254447699088359,-1.2862015514438143
3555241.0,14.960223681442706,-79.83556074404615,-14.748738932832113
2111839.0,-37.67936993039239,-2.183915598731811,5.1839652443457656
2569002.0,31.307246499310597,-40.01335710479983,-2.881638659657469
3839002.0,9.39491364080238,5.6396164441627405,-15.275215332962466
2917394.0,-24.127236179490573,-62.33869201349042,-19.38869538281103
3122291.0,-35.75042595347212,-27.07469306947806,4.222619825704141
642874.0,55.55841775201249,-17.711590606009864,-2.4781243225625396
4251975.0,-36.470741817586536,-29.06264635947359,4.981961561485497
2727612.0,-32.81306932240647,-46.29346156227838,11.709515691506548
3473587.0,-33.388148679078135,-46.80232872949881,11.776327704828768
6693989.0,42.832391146757175,-19.1664595529466,6.089376992043855
7691025.0,47.63777301685662,-81.09065895119618,-2.5450560547960333
3528962.0,13.70581579520461,-79.68016405616017,-15.266008526280963
2761763.0,0.6084476288974404,-9.576019460083042,0.14862716056416336
3046640.0,15.818180262867603,-78.35096180907753,25.22239139369098
2652859.0,-36.52697662413019,-5.6755389507932215,-1.0904080091950976
2765653.0,-33.763416310056506,16.150816343368813,15.489787957359589
40905.0,-31.719634646305533,-0.13065113293887642,8.343213958098817
4179593.0,43.57852329475368,-21.256929944124458,19.106770799090633
4271344.0,5.81945719828845,-77.66514280637753,-11.641307295900686
11461707.0,46.2026963684817,-39.136164552493014,-27.679007629838676
3053276.0,57.347817938279235,11.48759528179279,1.1894683496608676
3829148.0,51.76027279470292,-78.36029142534981,-20.430667811335283
4200396.0,-21.72707224626635,-0.9970136927426028,9.010756577892867
7652650.0,54.799089846197006,-61.44991277199272,12.320723152133308
2855982.0,-1.8661613394046352,-70.70263090099846,-1.013679192465271
6599298.0,39.64064949612402,-67.26997123332904,24.639810216420493
3940147.0,39.79614368860052,-77.46837952559152,4.755352412865709
3315435.0,26.826603382488187,-59.028207405933806,-27.841628937248423
3002646.0,-23.90816890830351,7.327112995568692,-6.532983638310528
1042563.0,-35.28569086761113,-31.98910042023142,6.250090496110564
2605191.0,-20.665478277838435,-5.5700122325255,-1.41115616747249
8510331.0,30.533363479796044,-8.193975728704274,16.980133651386367
4183290.0,-15.618540982878857,-24.839250079072272,8.39738545815182
9557493.0,-32.889543968828036,-46.30767181269489,11.720642886247205
6591333.0,-28.25844512809359,-4.580360993291818,2.429782620846514
5309918.0,34.144408803162484,-55.18225068743956,-8.516229030749422
3551156.0,8.778890485686013,-78.83625490701917,-13.555098490114478
2642562.0,-37.58891733455185,-8.20711933342208,-0.07472187990804624
3830441.0,-12.844565841938353,-1.7250886778971415,5.1163469086334405
7178800.0,30.889569320479357,-46.43327739769534,-3.052674547488346
4140098.0,46.47802159132859,-59.30216661457462,-24.10974969036413
4669375.0,-33.93234567391391,-41.90205456502882,8.050943617776362
2576495.0,17.720831308234878,-68.70977768958299,-14.184052837216079
7621135.0,35.29306125139451,-50.08394080613112,20.066172882286743
141999.0,-39.83759308816999,-8.477320715115324,0.3360231685681887
4063788.0,53.847286684299014,-12.302640149257606,12.631527359925911
3421498.0,-27.761113763085426,-2.9121222098376154,-0.9021468518405313
13891267.0,-27.015605428698155,-54.501191601069706,22.68519785788072
3947323.0,22.95369999104652,-50.297179873716004,-15.311102768207942
4041121.0,31.65764029299778,-84.54381434103853,-28.902555403746266
1383229.0,-40.256793633788284,-52.522667751591335,20.361141076554777
2982246.0,57.68523677861828,-58.455608373143356,13.796493926639476
619699.0,28.196438346688076,-17.204084746630965,-26.06284257322828
3733190.0,38.93626292399962,-65.51425429188535,29.869478204657373
4150803.0,31.221264716413064,-33.55788067718082,-1.0098945074288332
4166919.0,32.07273684977679,-2.867782796166424,7.3740216505444565
2385251.0,32.86367396826676,6.985769945220268,-29.310581457626288
1363183.0,-34.6472009628571,-25.01887332531945,4.355095551874992
1017877.0,-26.56494273864194,2.1031693427534512,16.84939004738154
4053078.0,-13.21427601519742,-5.903108600095443,-5.492436929460714
2407002.0,36.385128720512,-70.18056154887464,-20.742185486192767
1769021.0,-26.278612164802368,-55.59179964219147,22.56687551646624
3487699.0,-33.30337975020979,-43.96566052509932,10.971707346654991
2638767.0,-35.62248377884862,-5.934617616153384,1.1540146949880037
135178.0,-35.43156941262418,-6.990153336629086,0.6120317492703942
2990097.0,38.62696173175441,-63.74653093068569,23.19240562494621
1724673.0,41.44238965072804,3.046833531461423,0.7270988732338566
7692606.0,48.0637595084207,-81.70401602093074,-1.8013496120728654
3176298.0,32.830807084777284,-15.235727731146913,27.34105667176896
598940.0,19.0797406333354,-37.66901079478547,1.166030865767424
4021877.0,39.43295045046933,3.68884455407214,14.868409956615485
10393891.0,-41.590609923946886,-3.270248363503271,8.72245242336286
51530.0,-25.282851969019585,-2.014421972159311,6.057824185076662
6614722.0,39.020612107831084,-81.65189448805341,7.593104242060303
222320.0,-24.887211979822876,-9.133128874707047,-20.86323643735218
4532847.0,35.88798139736033,8.760741405601078,-1.433167701693098
246425.0,56.098869935933386,-8.032377649360841,11.69713904237473
4123480.0,-3.8033672805978638,-15.763974639142312,0.8722257450283295
2811790.0,24.44357785320791,7.822881558717226,-11.031144803714563
1412359.0,-25.494999126804125,-47.435168208958565,10.617368716293067
3402795.0,7.471563118163128,-19.5096884593257,-18.13412858851885
3422671.0,50.98470461214539,9.598413246278428,-0.5958468999121109
2932990.0,20.885332113432934,-8.63852775918472,-7.656722718473837
74035.0,-31.052380084232805,0.8302515431437077,7.962160605919033
4578841.0,20.19937926526239,-51.064008687144685,-16.892736533548565
3715503.0,-34.65468239732275,-7.900934937802371,1.474268067576613
143805.0,-36.00168452518693,-6.8662133953891145,-0.0471243397661798
3950636.0,-6.0531913355660105,-6.132329353031376,2.4335555978885757
3249986.0,40.07137797035837,-22.794732519858307,8.85486986347833
1751090.0,43.44983242476955,-33.401666202884606,20.553066355693204
13835364.0,37.693840158943445,8.907543210097096,4.473912857134526
2320653.0,29.655010950785865,-55.70022981159629,28.32863410028485
3043953.0,25.754326025631872,-79.58294507007811,-28.359143223638497
2546495.0,1.6359185431779237,7.481313897250807,27.23833157915742
2637010.0,-37.57373542950781,-4.958642312167044,3.687781258189272
3218932.0,-32.55289868263005,-51.8574096879672,6.813346784060205
4182834.0,-35.24402674578262,-25.10820606228905,-3.958804534666508
4039686.0,-16.73442911272302,-71.10704464775203,-21.928773120366138
8164556.0,-23.219437870139146,-2.020785837255997,6.750974709559948
12670448.0,36.41421559970443,-32.312274568628375,20.580910546360272
3997149.0,27.239557114192753,1.438531813470719,6.762139064128992
575028.0,15.865237804644577,-84.96183251837168,-29.47658522449639
1715816.0,24.494545417889686,-78.63176523183678,-11.067652857531481
4243233.0,-23.541972105402056,-4.169980702315837,3.477113923710804
993698.0,8.542691086642684,11.884702489113419,15.546410041970454
2642937.0,-34.86730284654928,-6.3816353756389645,0.4980327767383459
3698962.0,-27.881340640685004,-66.958381599424,19.430742363659004
3994465.0,9.027225053256592,-77.87073432695988,-12.34871536813183
4045475.0,30.13217033368042,-9.800818715716229,19.87684424573099
3170953.0,11.955322071752867,7.215365040947555,-7.99500013474213
3836552.0,-40.8153758538245,-9.29744453781607,-0.6472319498626611
4219253.0,-11.139561320035446,-26.32933963654605,7.9017293424882125
3814683.0,-38.730820495876216,-30.633627639234973,15.364396797688913
1012225.0,44.66153514432676,-47.91725815908448,-26.502763013588424
3370571.0,-15.343960953032497,4.798221018505802,25.842427024125854
2543066.0,-5.139704982901606,-72.93264600677944,5.9140204163663945
4533555.0,35.08413148289126,6.988782746875553,0.7855641765735664
4107230.0,-16.977378849532574,-65.58639774783178,25.57196240157942
4186142.0,15.500336865670864,13.453457552935532,-26.841357179247474
2959214.0,-16.730842164873273,-9.452911866861111,-21.789890327659673
122971.0,-34.42539894307706,-6.3525698055184545,-0.18842425983443079
2606611.0,-37.75964681001339,-58.077004054676195,-5.247719883859814
3923422.0,-22.230397750273898,-47.61829149031006,9.326159469447694
4230840.0,-36.86699374580678,-11.868130912287246,-0.7587383954746687
7183977.0,46.77806491309883,-39.716724171475704,-11.466518194290632
1012695.0,44.21262915720482,-48.222545892435086,-26.374878210500935
3271042.0,-38.10025282479633,-11.252413043297336,-5.871752039763171
3992629.0,18.414543229967833,-13.454172152251287,9.305873689734367
2613917.0,-6.4767328270544375,6.814029481287333,-3.9786505395754097
1422232.0,-39.88836311905035,-26.6481407448965,11.328214691989956
4250555.0,21.227865783270527,-80.1781996287761,-11.281947884518505
3287755.0,17.701536894158384,7.903504746000355,-17.76278242201338
2802420.0,32.52736290163496,-81.54509048966835,0.714306128755064
2835854.0,-16.059115595644393,-40.12025415624513,26.10579428415447
2045967.0,-39.29884297785306,-3.950439345890808,-5.119740408634571
7176721.0,30.13802867470862,-46.004163882187946,-2.9305737106304672
7174790.0,30.533844066183395,-46.43030824227168,-2.9997389760061797
3872651.0,3.01815444161641,-51.573411397303865,6.532558621712891
3923001.0,-28.92005810916209,-57.76892818904239,-20.40380499351858
4163649.0,38.916337082297446,-3.0842486523321053,3.4190902068298312
3602603.0,-19.689408830902885,-58.35369684539857,1.7268520231138722
1709058.0,19.987349784696853,-69.7206941088714,-11.9473107388519
6607534.0,39.58467280916763,-67.29411767047398,23.533492710863165
4093877.0,-19.944483290553055,-7.106211376402615,-5.101322681113651
7159032.0,-18.97123258097726,-3.0536912469874404,4.027598764207478
4224085.0,41.5730389172007,11.130326105445604,-28.487215553306548
3527041.0,13.225124526146063,-79.21208361102505,-14.394296234340047
4108163.0,-35.45622048436365,10.601858534964268,12.890662486680888
2503473.0,-9.195833309115505,-18.41556998187789,23.29320537915483
245350.0,56.6255699935695,-7.91430505161562,11.328004125218666
2406092.0,13.113794520929153,-75.25866850499034,-8.75407854499279
7632325.0,59.32465338360456,-12.202654520043758,-0.7127801688702302
3722231.0,-31.880898996048995,-1.555170097058937,7.333234685409464
60284.0,-23.962689685520424,-2.7316835476279535,7.247533021371716
5308465.0,33.4443679297472,-55.56171048329401,-9.563647549145518
4513779.0,35.31994513390301,6.581764764477435,0.0628391879464556
3753766.0,-35.961839637829236,-25.623464463525394,-24.343094800178505
4482593.0,39.0198505669896,-5.247953523677764,2.079202788389786
2057487.0,39.66909398519074,-45.16710258513819,-29.996543467094593
4571501.0,20.42234102859,-49.20608870500778,-15.743048787250792
6624064.0,30.93183290322766,-53.04282987389425,26.320818831668497
61244.0,-30.83022261837029,-0.030135613995519783,7.715261921984853
7167140.0,44.53080042288588,-0.08588540452221527,-1.6970180128460868
4244681.0,29.84071639099699,-46.28804028428016,-29.977923802470563
3631705.0,8.466431557789981,-17.847836477208034,12.845051627488145
8142802.0,-32.69317462469417,0.6885955559354198,8.30382646475951
3828358.0,36.99537794566442,9.955288777333426,-0.24444014322036267
4134675.0,-36.94937723156719,-61.527126295610714,12.174330767901564
10626555.0,9.172160373448282,-79.23636084577718,-13.659717342497908
4114390.0,40.329274694937276,11.97790719992286,10.135965098598938
3816250.0,3.8701310481838567,-12.082794582309491,-17.86623356216727
4101207.0,14.795461894176935,7.336612977315282,-5.936593403594811
64987.0,-28.865082545862922,-0.31821392310207874,6.426580590317469
3265942.0,18.946242086360883,3.521609357488563,27.817169765739827
1718561.0,44.04849023779808,12.3726752152604,17.713602966492477
1724302.0,40.81543948561629,2.853571531081611,0.30680631691083526
3993328.0,48.16522190929565,-35.72591390476137,23.133714251475666
3376842.0,-25.930372133588932,-3.591334402731028,5.281611265656682
4188866.0,11.029417908898518,7.372962245754439,-10.963615153008393
2290885.0,14.086726281018146,9.089655898010045,-10.271052266303096
3521602.0,13.433073445493719,-79.5493585857364,-15.055941216709968
3729646.0,-9.232362087942375,-74.19952349219427,-24.16365533388687
3662689.0,47.84491011645001,-27.170911785596314,-8.070916126266923
3388037.0,17.65796988580171,-2.227486177384645,-15.997825751770542
3549394.0,13.11306708670947,-78.43908994433981,-16.925518694654315
3035607.0,-8.431825158810835,-21.068896472575087,26.322694678196925
5372944.0,16.635905498795765,10.972567374083308,-24.59728092082967
9571768.0,-33.263639120314885,-46.329475467715184,11.685511026877176
2321643.0,29.383800087038523,-56.53775945433749,27.752392847587497
3977831.0,49.840832974613456,-18.09507173307484,10.561928152773163
7646792.0,33.290379926286874,-28.56912554853977,1.0386349191224236
4076836.0,-21.555048741783526,-2.0296647468806324,3.2359348537932324
3742507.0,-31.245518061491126,7.990668799255411,9.24357771076363
3539528.0,9.160169529626701,-78.56686041344932,-13.718176164813286
1005738.0,23.344383558772808,0.6682892796992255,14.651288399991483
3828585.0,-27.658842229998186,-55.77677139353993,-23.00107682134373
3213536.0,48.05583400417522,-73.79590596097822,4.110223428881916
3873360.0,10.262798755835597,-65.60868482846817,-3.287930753095173
5299570.0,33.04919351043241,-55.041816463633616,-8.963982282652971
3718573.0,7.328286028634587,-69.96286579366512,-29.28072234922523
3695890.0,33.124741190733985,-3.8670004271944975,8.573639412816613
2554777.0,-15.178630266470448,-11.09497121435591,-12.386641057859007
7638911.0,-29.12109383541109,-66.62826841228878,19.146951014599278
4128046.0,21.49015319259094,6.477781387116122,-0.1581796207872186
2446634.0,-11.38068980002313,12.81765467131055,-11.716367140298154
51988.0,-29.405189167250516,0.5504401092197293,6.1861354887156
3027231.0,36.40791038904295,-51.9959295526847,9.347414688795624
1039437.0,48.32487004729298,-15.791943454389411,-25.251591857927526
1781436.0,22.22980442305751,-43.08349730475823,-1.4353082845545266
6623719.0,31.422552236649743,-53.591353160811614,25.502849075873613
3876521.0,-29.70637436472339,-24.265068589205576,-9.092205372666678
2947184.0,13.379641018988206,-78.74118586497167,-14.45837504793387
3682127.0,5.197051167152323,8.419805698760996,2.5135988864998913
4032682.0,18.566108652811906,-60.557899410496304,-14.198875565356484
3993582.0,36.59101353538605,-71.34769035700818,-0.7079937813794892
2849083.0,42.44463452846885,-81.11653699049592,-20.926038195340087
3911622.0,40.12366442267495,8.521904523714852,12.548457645257761
7679578.0,44.39128373829204,-21.86093617609207,2.0766182015162764
223470.0,-25.528299954144575,-8.6974338519755,-20.743338598322197
2937184.0,3.020295404713469,7.431305381591891,27.453918088476968
3934021.0,16.103436601723104,-4.259016990683336,-14.62605130560831
3365427.0,-10.622931376528548,-2.805587232194422,8.50771852569073
3587593.0,43.2061654991609,1.1556963333365218,-0.6890771620379779
4199223.0,-36.91102239098912,-15.771100898568058,-0.6619199377943608
3798299.0,13.136658030600746,-44.1537865272465,0.29390287262699744
3752145.0,-33.55454216866285,11.15813776135901,-4.202046145456918
3582520.0,46.791874275311635,-38.45807254478801,-29.093859620640572
1421963.0,-39.46080757672031,-26.543626896905028,12.209891684212757
3553465.0,9.80502698717151,-78.5874469882623,-13.791149721418144
985869.0,50.95828819676518,-68.6820960944843,4.144000948926525
3833957.0,-30.93929116087765,-11.988088378995162,2.468322752758893
2643740.0,-38.45543868250915,-8.796456215313833,-0.028152499508092177
3920576.0,-38.53132782424959,-6.038665793698674,3.403338302763623
2789491.0,41.07869425287678,3.432369664054886,13.275981219536765
5323075.0,48.85646275190161,-38.161710485748074,-28.274638562752664
3324631.0,4.1541450154443975,-7.011950452152691,-6.727211117298046
2602251.0,13.59417789955156,-52.291902172369156,-18.930390715152008
3928107.0,31.521762823107228,-83.46248199886145,-27.258609510409336
3882539.0,-0.2867267471139519,-58.638216247646476,5.561787466329886
3390337.0,3.6349805078187134,-15.166525482063605,-21.603908509377323
2793340.0,11.792363462771508,-65.0360985977007,-7.24145896098842
3404826.0,8.420035718966044,-79.72973582762575,-14.071236017195565
3741420.0,21.533613540469037,0.44306009681796166,14.414533971961543
124304.0,-35.21220128374946,-6.497129674555858,-0.024589382688140482
2741671.0,-15.185963334584377,-3.4558659962382094,2.534135817522383
3976478.0,56.722773075892945,-33.31011710759988,22.78984411492032
1705783.0,42.812365478923034,11.982653589731056,-28.1988218362978
4231975.0,-30.67852403185636,-47.07676963314627,12.615839715879487
4057947.0,-35.80620760624136,-45.92994567330829,16.6617889905313
2502722.0,26.371352321905416,-0.8538876682992822,8.814049855737323
3059095.0,39.29778568867808,-77.15466097636845,3.762341238244275
3924830.0,-30.188574499613388,-23.246004706951442,-6.3618891167561635
2298324.0,24.442151684491662,-32.33614212712349,22.170534623669717
3797821.0,36.71720745786735,10.904208899209403,0.3585984680663561
3748085.0,6.728374133833188,4.07427388492163,-8.090475526366687
1005295.0,22.48658157277761,0.29736260810114157,15.152816320172258
3588547.0,-32.22148015997001,-49.941638092895246,13.082677779938255
2916971.0,-24.255153244787298,-62.691505844031454,-19.823869612803843
3900237.0,44.742757816739534,-20.22077393544911,17.63299037592769
4074413.0,37.92177036795351,3.783050152810776,16.91761476065138
3698680.0,-32.874604196215316,-12.282167204519148,4.912224188782764
2740458.0,-15.140679830538332,-3.9505097707501986,2.6163493357711864
2556083.0,23.606769036819717,-36.635156064915776,0.8128095083619922
71505.0,-28.63029853087594,-0.9094818888795719,9.04840799637569
4068008.0,26.65006408766349,-30.995581041468107,23.15541378967358
4072921.0,36.26353717698291,-58.29076462411892,-0.24054038166659986
3987884.0,31.415136082839773,-83.07869596894277,-8.285393492447591
4152022.0,29.584908792159872,-51.918615112295484,-14.68531567724282
7684816.0,-29.182120000682822,17.177967271555946,10.079463327904499
3806228.0,54.99503752830396,-18.38385930369713,17.454453802741696
7691776.0,47.747192201915425,-81.93664699189492,-3.102723920886028
4130932.0,41.578017570661146,-21.449949830228817,4.464569683668602
3969507.0,3.7933195121765992,-0.6863698137145389,21.01124900696762
6615415.0,38.22434405145841,-80.60000761125245,7.955680482013067
53228.0,-29.245720758892077,-1.0973617551789059,6.807835938466148
4030646.0,31.08437985736824,-6.839061636292137,-3.534225830212156
3166624.0,19.729747312344877,-63.904605275351415,25.314283022375918
5994079.0,-7.0555992387013164,-4.197963687334706,17.768006544333673
7639502.0,-29.056130722207488,-65.57356588937654,19.382750659194954
3466306.0,-34.64454576835137,-45.43765024652247,13.40630243942045
4195328.0,-23.24126056994669,-50.61954250064204,-28.134139972214353
3997611.0,-3.4021073035624116,-0.6691084403269094,14.051721518286612
11463709.0,47.37455902969065,-38.19767190964442,-28.481478929622245
59410637.0,-7.423214524603354,-67.59855741626124,5.9714977471840855
3932788.0,39.942400254461596,-71.92781761150309,20.302058810686916
7177433.0,29.77173047714011,-46.05035049587934,-2.656584455952876
3460629.0,-32.700235009754635,-45.91076534985102,10.619418969970265
4038157.0,-35.53171695466307,-17.41118996078768,-2.9785392679335683
1715115.0,24.24460707789423,-77.71788919238493,-10.958428676213872
7652311.0,54.51979107332967,-60.95523560600286,13.441286840254623
995905.0,9.004643085944386,11.35749006496967,15.151408931188943
3875393.0,14.080541728461771,-75.54604352300191,-19.06607764437196
2920929.0,41.92983779819972,-12.716183470962482,-25.593578513957667
4064608.0,38.665308057279695,-50.33184621384804,-9.800333846455604
3822882.0,-41.54962099320316,6.7019496814372905,10.713684437936031
131933.0,-35.29447089303067,-6.122317145941713,-0.2725352487642363
3238763.0,24.666793102717346,-19.02858032126632,29.344334534004595
3937804.0,33.17268022655244,-82.8768173121056,-28.560111141390315
15601461.0,29.228296426184688,-56.45550362486657,28.070903574014583
11829781.0,2.2261243122376113,-3.0359534729791,20.6840939151914
2421203.0,49.936485994861464,5.885193922647831,0.6504008172985074
4157905.0,-9.959713270206512,-74.48838490798721,-20.276704954927894
5324681.0,46.70653856864345,-38.98224498782501,-27.26236619705913
1736047.0,32.16050098902267,-35.392219860283774,-1.0067819508290983
7638149.0,-28.994736908831197,-66.90313434364762,19.822412097712533
4005830.0,-30.818542336650555,-14.080538148263917,3.356407485670636
5298387.0,33.17639826396447,-55.63052325340761,-8.76953740149937
3686459.0,-28.269111957999133,0.41497477341382705,9.772551679826108
3911889.0,40.43377746150196,-65.06387923266414,17.7844841133705
3282098.0,22.943715830495403,14.682984154290297,-21.986775132408265
2556745.0,23.20337526393441,-36.122331188374865,0.01650865858650974
4073437.0,-17.319699463311725,-24.88271751435923,4.605739619207609
3885025.0,21.200265737781816,-51.843515640537966,-25.021808560440512
3743221.0,55.469106747867365,-69.03596837676893,11.544108500272802
4571190.0,19.98435150808288,-50.604933114085064,-16.191884307186736
3954331.0,-1.5269571870751806,-12.073896246758974,-2.53785441600332
3690806.0,22.869632449692713,-51.636619210545746,-20.38845793565101
3777257.0,17.789509855168617,-78.0660181670982,-15.798248448749025
2324559.0,33.68273555909294,-81.67710422951356,2.1188778554917995
24478.0,-23.780278426931698,-1.779068941249465,6.579113785939769
3337913.0,25.96155965274301,-63.35013501489954,-13.655458533910176
3598006.0,34.776517973310845,6.332118334285808,-2.0086639771366483
3884247.0,-31.80254678862989,-24.167757688208283,5.259137711410061
2578654.0,22.816694142951672,-50.22547097159312,26.331010432468382
1697609.0,1.2351403149550673,-2.666088522590957,-5.939570824026322
4032409.0,50.16026174668016,-75.4668849047065,-21.313690215817957
1751656.0,43.52659248574831,-33.79374792741171,21.129518942789836
3588923.0,36.904395975677936,-32.24305630744775,-1.7060729336432647
3913145.0,12.184010515735501,-35.31246409802676,12.696990480708859
3982031.0,9.606516932764434,6.145775017497603,-15.284389919135526
2065457.0,31.006562991644138,-48.66584791795864,27.846442778111168
3850575.0,31.448963827099032,-74.60585756746572,-21.893827203743633
4563638.0,19.273871611113456,-49.98224732502455,-16.531366770382437
3542780.0,9.203659530050555,-79.18965453396552,-13.854704034198384
4051945.0,-27.79142379458281,-47.963556291053656,10.867496680758592
27474.0,-30.55299611206053,-0.5083264966512755,7.528498481905054
3314049.0,-14.215084287468283,-75.16147171214162,-18.237606293219798
3751272.0,30.509303054321844,-67.71578652748207,-6.2948760001584425
7652022.0,54.18209788134386,-60.963960451776366,12.777905197763923
4049275.0,-9.387019531472141,1.4001775286668061,2.0818679692109
2440115.0,15.911617877630086,-40.47138763221984,-10.073759557513139
3591475.0,56.2469314658181,-6.850899800053686,12.469195605687123
3670605.0,12.525250928235614,-84.81768890591626,-23.13548396000092
2633736.0,-38.0342175181591,-8.221967012353263,0.4354810478718161
4100222.0,20.301188249844248,-41.759421808519605,4.15203588516097
7638485.0,-29.171005091077188,-66.36333544421602,20.260213776157393
3628199.0,25.457021591128843,6.649651983891816,-1.0912258169298705
3776702.0,-4.344494576564187,-1.8024121043234826,15.423187237575728
3935239.0,31.370533711300194,-48.9378014052578,2.090756937416028
4033833.0,-9.517621775712103,-77.14319717268077,-15.601229790803243
7651397.0,54.76990791741376,-61.385186524962485,13.525119656604689
2457447.0,14.473389875784397,-71.3851058603868,-20.05955842812283
3754399.0,57.542063381072694,-80.44728609872551,11.010766849567043
218563.0,-13.904135039474806,-3.092818703480183,14.464169690455295
5305058.0,33.692690149354256,-55.52455260699274,-8.519854862223822
5297362.0,32.82976601743702,-55.01027110748007,-9.131646097213245
4075112.0,-35.570667129242125,-22.947322089301192,-6.325343604039789
3414396.0,-37.37616769603672,-5.27891828042725,-2.77723056295644
13238068.0,-39.23880812477332,-56.8556730628972,26.957173681510863
8439349.0,24.80558151089419,-49.34219442217348,25.6020248537084
3905510.0,53.05902856083346,-74.52152036927116,8.989532372553487
2289704.0,14.066493631663182,9.321560512533338,-9.981088664449553
3782744.0,5.886780591052981,-71.43048623930518,3.1903233171177776
2671253.0,-37.08032138701086,-7.674311326878727,0.3768421593803093
5993754.0,-8.567553856950335,-2.752982400966494,16.410472745415518
3404121.0,41.95683079995985,-55.715637428605376,18.186700019517367
2816573.0,-36.428563109832105,-50.3786301953758,0.9857040163417006
5370907.0,16.597086908044147,11.440538049899526,-24.57820396095215
8164222.0,-26.723937734263863,-3.508322882841591,5.678048408796789
4527069.0,36.073702994374884,9.173536608911833,-1.3902880535485975
2657437.0,-37.34240009590239,-9.013074002794754,0.02894624353058095
3939706.0,21.42338187189814,-51.41914244538313,-23.158060702778148
4262146.0,15.527318440881972,-74.56068716283633,-15.996429892011621
2510371.0,33.344405734560006,-51.672891316086925,1.6924179907513244
3971012.0,54.24183360608133,-25.65486174922889,21.931220477510394
3265666.0,19.043690823175723,3.360609740480582,28.09599114918894
3950324.0,28.16480569574417,6.186056596860297,-1.5191503286543995
2647138.0,-35.18987955766141,-7.166741877570436,-1.1530926770448904
3814923.0,22.574632143895958,-35.12413796112811,8.585543923952214
4049788.0,-32.77228472720062,-7.59227260482713,-11.126344065692836
2875468.0,53.72474137924941,-73.3586853645268,8.99923428572015
3019377.0,50.760412277165535,-15.9819513214876,-23.323402681968826
3296270.0,47.5663127304706,14.88628824476983,-20.088905146219528
2052562.0,44.69211513445589,-17.21473482667911,17.44059884437447
3801075.0,29.296040282234216,-19.743769402729086,-27.374522830914568
2511261.0,57.00789744307027,-14.116019320807172,-8.500153247888122
1783610.0,37.59121107282398,-52.40620463134805,19.858798789920804
3881656.0,-20.566631505647834,-61.882465109687736,-2.517222295358292
3737843.0,24.033101365616815,-44.22708575399658,-2.395974087654567
2655359.0,-34.30980819924181,-6.038465298506626,-0.5511782550756519
3818223.0,14.584580771416558,-46.43455547894066,18.58204136851204
3716781.0,-37.51282406960822,-34.91302631655597,21.687129066406825
3627409.0,-14.960943588398349,-3.272617239918009,21.170435427838875
2402394.0,29.890905594978506,-50.06756443165068,4.59641905858459
3687328.0,-10.012984370712212,-70.58836493133192,21.61342335214246
2101322.0,-16.824741019572578,-3.5202599949734372,6.273348964173905
3205976.0,41.203006260059325,-30.39846879583928,14.918411775638216
3906227.0,-15.616765232263825,-18.89119857787418,21.82076203508301
3648926.0,60.452342069364505,-54.22517915327436,-15.307643547105524
3984471.0,33.29435651553614,-84.95354668596858,-29.400666776982447
633871.0,27.169381486240642,-79.72152166365422,-10.20379544290895
3833656.0,45.36371422612337,-53.899321573057556,-25.237356721597948
3795559.0,-18.762329717166413,-3.656443335385408,5.681697202686734
2437812.0,-33.3244117731559,6.212484028098503,5.097916589099285
21875730.0,13.519851011860599,-79.53796593467062,-14.951482648142212
992683.0,8.734770331572461,11.289319198382824,15.740453922046607
3793428.0,33.414806446265196,1.0687239493607226,1.768190479344176
3464934.0,-33.121349201894525,-46.244122428255416,10.924322520849984
3671936.0,-36.455640367904635,-13.007542342111728,0.34523320513551514
634439.0,27.295489622669592,-79.5805071262269,-9.611287032644098
2639744.0,-34.07110871248165,-7.173852481283441,-0.8905299857108895
3705477.0,-34.19073510912224,-6.297542424127093,-2.6867736398769084
7201609.0,54.21705248776226,-17.075528466267535,15.551378328039728
3334750.0,13.627654158597807,-77.58429006585085,-16.47635054575557
3089244.0,21.445489464644925,-45.64875524033073,-16.048885116186867
3752786.0,31.400574476774388,-9.628560529407702,-5.737796754845768
29843288.0,-25.41684613451556,-59.818786799477664,24.278455912225162
3834204.0,-36.19614801412287,-18.099220192067584,2.334883024007457
3916422.0,-26.999151376138354,-68.85536662062248,8.750260186222043
13741302.0,11.015343939034565,-70.5186053803492,-25.5942142439398
3819866.0,-9.938893345177469,-31.506078107616993,8.175595376228362
3536613.0,14.121135684840944,-79.34171458062556,-14.640382548061401
3887487.0,27.697540857251262,-0.5894718099874635,12.322503284431438
3080976.0,-29.527778793063572,1.998919303758304,-6.6525979430355555
3728830.0,9.944341708658099,6.1364869900690655,-15.395760912508484
3362648.0,49.71083703211574,-41.04020234306267,-20.144934982784825
3896252.0,22.18827495404467,-47.472179291008125,-3.4945208883502596
3589346.0,47.45467990974178,-37.27673322957034,-27.27361526189263
3380209.0,51.64518503147022,-18.526655588051018,17.061843365448528
3359868.0,-19.65799312000126,-3.5701647311163542,5.681396090289547
4565367.0,19.962835513361107,-50.96129564816234,-17.0264703735311
4484524.0,37.487000030948195,-4.475351646085885,2.1547007969669214
4051386.0,-28.041258632160968,-77.72871860087139,20.56671149274266
3579445.0,11.06330692981366,-78.89050762482805,-16.714265968788663
2871574.0,20.424667618850457,8.634478981429329,-12.353256079579412
3774875.0,-2.388452692072588,-13.060809507602425,0.712267704035497
2312305.0,22.190809975079627,-73.18726185138075,-13.026549861039783
3665757.0,-3.4707319128923375,-1.686043419026471,17.681635943209823
5306147.0,32.837660981451904,-56.262137748082445,-8.069747198352266
127772.0,-35.310460709594814,-6.826758221672365,0.12532181400727405
3613435.0,-35.273400267154,-46.65723950846533,10.551293923603755
3866360.0,51.42060525969679,-31.328395045361617,-28.797761112797545
4095316.0,-5.948749067271411,2.2759973626683903,0.8728443880499209
3653458.0,20.212495896361638,-53.64240509188902,-25.71754327554507
3735621.0,33.96565434534883,-40.71640748243028,-4.965740972050515
3239021.0,-34.14562177083126,-8.387026023889176,-17.62896524851852
3585372.0,-26.01669396839423,-3.605184661343335,-0.7261353767326428
3854469.0,40.04536937533314,-75.65058833077275,16.0706605157489
3630398.0,51.069774179343554,-15.509323250386629,9.356115712802051
4559080.0,22.203909989934587,-51.668101547305625,-17.111097537994727
3327116.0,-26.17403601104401,-2.75706568191394,0.6580942559628982
49829.0,-26.52568573093586,-4.614789456687388,5.167490222535528
1033242.0,18.27420929501768,-75.61015318147547,28.70888188423375
3723622.0,14.365340254199621,-69.01590287969347,-24.07527972804894
1342160.0,53.939642999632845,-36.41196838067371,25.43460302078429
7630123.0,59.38337330820671,-12.042410025333501,-1.1499681232317043
33116.0,-23.57785824392058,-1.5740440814213024,6.137199062375149
2876239.0,53.45946723050943,-73.30963125045729,8.89564331722806
3913875.0,51.046221784916,-42.882903316682615,25.199474037179847
7142202.0,-1.2048551449283136,-75.1541369689108,-29.26490778901193
3943193.0,-15.758011144870522,14.709303637473665,12.193689434909494
10782984.0,29.621432820296487,-16.174886040492165,-0.07496129585575151
247998.0,56.82579329194044,-7.749739424359587,11.339386019801102
3110298.0,48.414557270214445,-58.863271790992286,-24.16306706142393
3529859.0,10.224798586909255,-80.18145658869251,-14.204294734048524
2522295.0,-33.2936296899633,-41.91335910122812,10.403087831794037
3835727.0,38.53370498712132,-77.79906659671481,8.093783009984083
3669670.0,-23.327158928582943,-39.69463928996419,3.9287544856553502
12764318.0,-28.66353497494765,17.282466307520696,10.23809986290727
3250639.0,38.93032304686222,-24.74594500142968,3.6701792233395882
3169928.0,29.860750333492017,10.281352510998044,-18.4655886747949
2604802.0,-20.5390542429422,-5.427376333969101,-1.5033327547577875
6631981.0,14.053110637639774,-46.35446249999014,-2.6417987208285156
2633227.0,-34.36876040126853,-6.47922174649042,-1.1465166271992109
3097976.0,42.41262987940443,-57.79476080719393,8.31357529965239
4581821.0,21.125963785028976,-51.60621546186926,-17.24284438591509
2982006.0,57.55823712866574,-58.05855447429536,13.591038080077404
3085727.0,37.2225425920227,6.21409174364285,5.471579481661519
2941764.0,-31.85972471762168,12.279721369195553,-6.384566212296324
13880536.0,40.969514147198595,-36.164019794013846,19.4575738896065
13609526.0,30.740909750825622,-51.73500379451382,-14.852597108317354
2872485.0,-7.216424812587399,-20.139939720130133,3.7660730201412993
4023910.0,26.130405789013103,-49.78817032463067,-20.724076795451325
2627021.0,-41.789361243551056,-6.2571110985096965,8.21483242159162
3663145.0,34.17451905290711,-31.07684490953561,20.852687702799333
3966589.0,51.67600435690295,-79.49868273801783,-13.339009887490603
3171362.0,-32.53922017311351,-50.8041227834126,7.709161138020995
3745014.0,6.725699977383616,8.291223232105702,2.2231807518779556
2732760.0,-28.088960390558515,-26.182751687180215,-10.6565797364545
13214383.0,-13.99817458696226,-1.8452463686636573,14.83539448016873
2791280.0,25.179302818549505,0.590979067179429,28.661504550719552
7693740.0,48.938308139571184,-82.65918752956254,-1.2520010219030056
3864815.0,16.601652385089302,7.906017314586511,-2.6855036904616236
3425637.0,47.61780629249575,-38.966352761882746,-29.553153094384818
3721146.0,34.248369539052426,-27.700395305311606,22.424394695834827
3008322.0,3.4511586108816563,-70.02716647065266,12.40139546176812
3771938.0,34.23958918987322,-7.313077388118178,11.301218956992415
2046514.0,-39.66332457604075,-3.708459131586892,-4.562850749160424
3397894.0,48.70849486525081,-66.81039446178302,-6.523996178124026
965536.0,33.497312040244886,-4.664015648789153,8.030547358426967
3835906.0,-25.18983345068678,-2.5856615878573805,0.7684244422399287
3920820.0,36.842875845499286,-17.99299242762062,23.695966505956562
3832499.0,-26.12969803635329,-3.379527158454097,1.510895498811883
9566509.0,-32.65558437041677,-46.37817601574696,10.792095549909291
2459814.0,-21.273809383230414,-62.208999437986456,-3.6980043612084224
6614334.0,39.028735408484046,-79.5497339378962,8.325081165038496
3682379.0,16.304637924074047,14.64804108702676,-23.01014231761016
3768993.0,-23.995898448469855,-4.717119367367877,0.44641861069893096
3758804.0,52.180784733513875,-9.114047068108345,10.957979704502433
3728438.0,38.67869039561378,-63.17410973521021,22.69717005133527
3710500.0,12.446710059029101,-82.40410097155409,-15.892122741703613
3386874.0,47.55319309899395,-15.98622473186328,16.83980055938996
3470502.0,-32.63796674482345,-45.46510880995868,12.377620768850772
3698434.0,29.120171855997448,-50.96531954231771,27.062167811729484
3779958.0,15.323100322661077,-81.82737580006206,-15.037953504836974
2634457.0,-35.0663043647437,-5.879448272209805,-0.7862781706278419
3750136.0,38.66470738638117,-20.56440240731532,-13.600871085812415
3882351.0,32.23199279213236,4.253940093387862,27.606111567249354
2603883.0,-20.524292944732885,-5.3897304767914145,-1.1101012920306355
3844687.0,-26.324525209823097,-14.38891620936148,22.588090139833906
2043242.0,-36.77415646744733,-60.084611339657094,24.640616424956423
3848569.0,61.026910279703955,-82.12811470857633,-23.63436040352523
631126.0,51.60460906086435,-28.156048414342198,-25.70095457993928
2313855.0,44.50382999412135,-78.19529658182688,3.4908994486906817
4484977.0,39.50587471402235,-5.8798995022798985,2.6669187314870184
3466647.0,-32.229348903910385,-45.39307370298907,11.310858744057787
3674036.0,43.500947368496035,-21.225133172703387,2.8151342627373124
7647174.0,34.756230626635976,-27.623882599934607,1.6917827141873936
3205130.0,49.48254807801807,-16.99029860363651,10.451163104681712
13312486.0,37.12509198041825,-16.0378981817267,29.838648046403847
3731728.0,6.023332589696386,-50.32421340252461,4.678147597094529
2476216.0,-1.6538193192955635,-0.27659435937772203,14.717839314813451
2913689.0,2.495479307952777,-11.54231501416494,-19.331828507588042
3406008.0,46.33461426836892,-38.69614426100989,-24.732965853730867
2750282.0,39.60940605279906,15.459024406861163,6.687179005958495
3101954.0,33.81655406008609,-52.62965758813814,-8.045232584810533
2349363.0,20.3973055354049,-83.38235226394491,-17.30401090368518
49479.0,-24.60970694137379,-0.5258708816575187,6.265339517131121
3436085.0,-33.22205975764922,-45.83317304547297,10.584685652304612
3805682.0,39.87138124926684,-74.52761666754733,19.39913852119515
2648335.0,-38.744462518173684,-9.544906544336396,-0.12449873157871272
3702226.0,16.398799289331333,-64.41687792936958,22.832552856029793
3719419.0,-11.89838893465343,-25.726096608189838,11.48933331200015
12709174.0,-29.011110216273288,-66.55765194596341,19.760975062212495
3710163.0,4.532648855487314,-78.85046067500069,-14.031657481302165
2642274.0,-35.96139560070084,-5.552359572061534,-2.315171241455876
1365208.0,15.408597267114338,-49.591875566244894,-8.082330401083363
2785681.0,41.28570360223932,16.60010167107677,-4.092007317963169
5959322.0,-28.114747743422107,-4.918924284750145,-2.1622152278381357
3706742.0,42.66190981645389,-32.525890696271155,-29.017295912108874
3102891.0,55.61933571595733,-21.046857409260763,19.07079058634752
3364913.0,-3.016888986880399,-1.6928612200046669,17.774085830039116
10170688.0,7.382969595720666,10.327489004781471,17.07593735173689
3635290.0,54.17827327788824,-19.819230868425088,-7.808361402213659
7199382.0,54.187599829602426,-17.640605932090843,15.870413245619345
3909293.0,-28.732148409814343,1.8051908279952444,8.307107656218767
56247457.0,33.68975116776412,-53.64763839689458,-0.37339739701756613
2894723.0,-29.140912509445606,-68.95225006950824,17.498478616901025
3910356.0,-24.191715847074708,-8.490566699912506,-22.170239772376867
3908788.0,15.010218193991923,-49.50084228516623,-8.882787588273391
3597721.0,13.063549422333521,-46.15044392774615,-2.2136877630183456
3856268.0,6.151536336573182,-73.2279875464007,-28.71992025642476
3108701.0,-38.40500662306049,-30.464550143071573,13.219260153402656
2658618.0,-36.51352192863322,-5.578210966354349,2.2319708471005137
3833274.0,-26.517423309925274,-70.61300208253157,7.90490061564679
139400.0,-38.05344155161093,-8.397422565200698,-0.19977090205807224
3423835.0,-7.751808817456889,-1.969618767324541,15.357972650619736
970456.0,18.992006239931317,2.3128618453889076,-19.591052449027753
2640295.0,-36.31849013025882,-4.761825334485763,3.1629225147911235
3780888.0,22.041557395637277,-80.09119565110248,-9.92209517243965
2929899.0,24.983467295426994,-34.520603364600646,-9.692692686211222
3632302.0,-4.645653956166105,-11.56106460556536,3.3897491795862615
13276920.0,18.703106077214745,-37.625036653859794,0.966975604878284
3616490.0,-34.86819241261247,-45.994030020969234,21.224839249915508
2593618.0,53.460151083480625,-2.547037932555224,2.3580070061481138
13086142.0,43.09271598830888,-33.38797193666006,20.95763606491301
3770738.0,35.249727157335464,-15.721762318849128,-11.302265141517237
5323461.0,46.43717657556882,-38.3687034529886,-28.28240726638302
12632657.0,-15.856630538420001,-3.732908024516808,2.9981508122925824
3401795.0,12.933672618725879,-75.8317858086683,-10.96292030151041
4471814.0,37.11587128091948,-5.524085201765258,1.8039657207252646
1425493.0,38.14993492084156,12.238263223941257,4.411675494955029
3293415.0,14.50459649399762,-77.18753969427117,-15.43712223131455
2721237.0,-32.88967842840288,-46.147384019511335,11.596357145247008
3883455.0,4.6786842577066565,-16.133400399207826,-19.655957543597847
2293314.0,38.958185803043236,19.443796615046953,26.9708127811176
15505664.0,24.55093286569298,-32.47581950402951,22.169626734853196
1042132.0,-35.245444883338,-31.880704869281363,6.709275810729052
3856006.0,-17.72588451887067,18.704946709459914,28.840396113995464
5992152.0,-7.01873050791451,-2.993937280602162,16.935919233820588
2963387.0,36.45503362325879,6.3551275306498205,7.772501332692164
2304937.0,39.7806658870002,-25.473846015064442,10.880947523214477
3616178.0,-27.839246713865354,-3.7006019359737485,5.37710683639464
3817505.0,12.211857077071492,-80.97993624365726,-13.772295912276393
13499831.0,45.30519978422181,-37.02498433689051,-12.081150642214912
13005539.0,58.7662569568439,2.8135468207930656,3.517304762095955
2635237.0,-36.977855707424574,-8.684436581801076,0.16694368010378646
3677730.0,-17.74386272573451,-20.873498433115888,5.308486844681427
3687541.0,47.87063376768855,1.2654661557816826,-19.356886776583842
2045220.0,-38.52691683029577,-3.873645403477997,-5.1237510726768285
64560.0,-25.471431497413747,-2.9947736685952675,4.9619541980678115
10739380.0,21.812400714477455,-51.59128348788016,-16.892465449647336
8679400.0,0.04595947161576763,-17.95389652377816,-23.576895946224006
2339507.0,-2.294936012134661,-9.183829709557193,-14.532636551788725
3620236.0,-0.7503107917890024,-12.388667191378795,-2.754727342202357
3811210.0,43.09874593326596,-14.529945668843013,-21.26172113013066
14127990.0,11.282387256774395,-70.25921093246895,-25.50800865980277
3618624.0,40.372964440152145,-75.88270332660257,28.236405826888355
10754647.0,33.29541901161647,-55.33168471025646,-8.66911448558545
2116222.0,35.92061690798949,5.109331124489797,4.103852541425203
3648675.0,39.6546016037288,-31.507604287282543,22.956965302299146
1723772.0,40.57095084414952,2.645346126076201,0.35084622858264725
16176357.0,57.821327254467974,-24.832845642933663,-15.409578068080569
2517234.0,12.399403018340129,-16.322481324946565,2.7408642994153696
3583897.0,11.357325715998853,6.4641438619596,-18.540290045190858
5304543.0,31.860943679874794,-55.2117095755673,-9.754342841083917
3477496.0,-32.20941677752593,-45.16396231535042,10.789758071710228
7629051.0,59.2481738254918,-11.684006367433572,-1.7917826360985973
3465821.0,-32.81206373348687,-47.893944128287956,11.208858676866418
3797122.0,21.07967165836713,-72.224477110055,-16.91929493202653
7141772.0,-1.6973653528908588,-75.59311310136513,-28.71557176502104
3730785.0,14.377754203182485,8.587865653448345,-26.60524866023505
2739959.0,-27.395001275164528,-35.258316660206205,-8.118684358331064
3301442.0,23.537953140054306,-42.968035198746904,-8.318200809563546
2623187.0,-33.28826562219543,-25.248989580768743,4.870975496040306
4523314.0,35.854221022118814,9.999432945294542,-0.49369838028372426
7620725.0,35.55619275720805,-49.36635441426829,19.494967580786863
3794678.0,-16.399666636185685,-3.3711866085932876,11.83354305102685
633435.0,26.53798589859669,-79.23495190593282,-9.33043223604421
5962246.0,-28.36738767534262,-5.019085863399415,-2.7891327314761254
3769636.0,-7.876541504651119,-71.87749132219027,13.464245858521206
17174605.0,31.60925101907622,-50.72262408233111,27.292276077808555
3866986.0,44.38082609261542,12.650645974159369,-11.990897073705476
3523446.0,13.705682011652117,-79.49160230799188,-14.990000267761971
2407318.0,35.857269356633246,-70.23237493546367,-21.11942222079941
3301248.0,51.205615028756114,-21.576026477369584,-26.059638846578178
2478577.0,2.3602142880596335,-14.131501359831304,-22.70268572925558
12938582.0,42.77877695240952,-55.38769390143149,19.33660291885407
2764956.0,-34.00603384644276,16.44858422334533,15.328570987210185
9153422.0,-9.087019221079979,-57.64750296156476,6.525408204005792
3427034.0,26.95540131377337,6.287286328995468,-5.513934826875381
3898469.0,-35.672013221717684,-25.043216561022923,5.528250259409244
6633234.0,13.340243955954195,-46.983998132849706,-3.255918768327925
35658.0,-24.370746116807066,-2.133034229520769,5.659813635805294
2426012.0,27.02993964543026,-50.735868553920255,26.375295207916473
3678886.0,-1.2253045022051559,-1.1084480653916877,-4.3164971749612535
8162041.0,-24.698112029158356,-2.391305759263261,8.18086055438414
1719548.0,43.659433092957975,12.0069761752178,17.5416478487734
3694012.0,12.149601658896124,-70.82889129930506,-26.09368594011003
5960126.0,-28.84617335811839,-4.643460581970754,-2.435565889376104
3518865.0,13.492945645630913,-79.67021524200608,-14.92688798376599
3738414.0,39.35888581479451,-78.51804802155571,12.017284508239356
137389.0,-39.313879582750126,-8.199117378581752,0.07233184150392002
3601240.0,-28.263009227367245,16.11391187144038,9.142023559325537
3906514.0,-13.594601014458567,-76.60494863851837,-12.707180458235015
224092.0,-25.759249719181238,-8.454109414515194,-20.086853770322236
7177051.0,30.95288712040999,-46.189003594899944,-3.776285608484395
3648053.0,18.24310508661409,-64.8102579508013,-13.92792897810977
8530326.0,-1.3157473087799079,-54.51000561684313,7.651589892444101
3620847.0,34.4669118772314,-51.57167103215372,4.394091123414578
3633776.0,-29.27907619383372,-2.228975636379313,5.718278873849337
3611005.0,40.29245752997128,-7.292624768328694,4.349281809782908
3783429.0,15.984636242799121,-48.409372707914216,-11.678942916914865
3789471.0,8.87024907865674,-67.17645689535233,-1.3387759946545126
3626421.0,42.75464239720432,12.772036748452212,17.720577668604705
4479407.0,36.509727592258315,-3.1347303344242667,3.422803956382911
3590184.0,-32.433191135572756,5.237025814885595,6.1064794302952965
3478371.0,-34.25297651324009,-44.774621229819,12.636246301638346
138873.0,-34.60439800982499,-6.394856529010081,0.10943403687008768
3625827.0,29.99153854375932,-80.86720731783947,-2.102722225603797
3619694.0,18.651157504302752,-67.01110045090076,-13.586290276612964
2767026.0,-27.883205982036802,-51.19310772363909,19.868736943153152
3397223.0,-33.073992581893634,-43.68924791072295,12.438088021028381
12565966.0,52.640081606355544,-16.8928578328537,-20.370111461078267
3358045.0,31.37300650729324,-52.22016247303784,27.493669994722424
1412081.0,-25.012908135712518,-47.89035992861487,9.785041162678713
3636099.0,26.214054456431935,-14.134859505773795,-21.307987994943133
3758103.0,15.947044792008079,13.289462834673737,-23.471494732978968
3604478.0,17.725877952162733,-79.22656516378761,-12.852081650605198
13041412.0,46.81146468106548,-1.6333713645446457,-6.366784730551439
1424912.0,39.2465605687362,12.387159970428595,3.770639792166051
3406806.0,12.910194456879069,-65.54653218117053,-25.197112135690908
3724216.0,23.535747793172682,-51.50068118110866,-22.907690511093442
3739629.0,3.6092726989026787,-77.51143329733819,-19.40378601594023
3732082.0,-19.11201010604917,12.415494209724066,1.973161793477832
11237951.0,56.11545876607,-4.146663500202836,-4.829235490309473
13106524.0,-6.348167626476711,-33.860530611239554,-6.201796212255635
7183327.0,46.01890263982021,-39.36011153140576,-11.87180240918899
13575270.0,45.10110678200951,-57.592153442060294,-26.119079744474035
3066915.0,-38.000402058565676,-31.533262443959387,16.48059710621704
17307029.0,-37.87474497296459,-58.20500462567512,-5.054586872991225
3726434.0,24.080639529978537,-0.16067190660904385,12.322191899632749
13439943.0,49.24679462187903,17.239472231723795,26.87635890011243
3768401.0,14.522361810800739,9.355181843683786,-16.642154830730554
3732681.0,36.62098631571902,-52.071552265789165,-8.872028375779731
2414062.0,52.254683058390974,-69.27995113629535,8.73736144776791
12924199.0,-4.723651283431008,-83.3810815297942,-9.068533814556028
7679224.0,45.20394908504624,-21.768376262079524,2.459741176542382
13551245.0,44.502766957542384,7.580095912054695,-4.550802872857529
13612768.0,43.23477353905031,-13.310718786694236,27.198142858179157
3378524.0,-40.32496318061577,-7.5572137033606275,1.1443246824453537
13620705.0,41.32298618939195,14.024744661468487,12.379256738917487
2646333.0,-33.42280673766162,-6.422717329766932,-1.4067579479082792
2640804.0,-38.61689529959635,-7.383419370749444,-1.2592516225151795
2644584.0,-33.347257148497334,-6.173712496147459,-0.9964150392862301
2637530.0,-35.482945700036666,-7.263824828013077,-0.7799729488724454
3692908.0,11.957743487708974,15.736212123827128,8.947844572709139
1015406.0,13.139571250316182,7.998768503844157,-8.170438640845303
13422733.0,14.562507545677772,9.879579409183808,-20.99586948374754
2056994.0,39.94111230200728,-45.255171857504415,-29.877706409001295
13504481.0,-2.935228398915922,-1.4241043355168084,4.383473380555425
62449.0,-26.69309682274873,-2.059808480757189,4.393069366704666
1755167.0,21.243040310496074,-56.606091888833895,-13.989122330857551
4524805.0,34.6162012026715,6.2414064335874615,0.9108016698986909
2496120.0,53.49415200473588,-2.5542624336733977,23.38891451834163
3739017.0,-34.926377650288586,-13.094535362134819,3.3224825777020723
3862693.0,50.31583008495958,-12.451265644404033,-26.920756034532662
2832657.0,18.929840965647124,-62.556813881975984,22.43337283295839
3639473.0,-5.090263335828832,10.011266430975352,-2.524261478188012
3647424.0,42.0065655337817,-26.134671470293974,16.24786231053956
3791938.0,18.47270851065788,8.388318233926743,-16.714706393086953
3667893.0,15.712514198682412,-36.64456119907175,5.071399764358835
1733237.0,19.76046320288303,1.7884994463691157,27.826103006415867
4525914.0,33.87113601030477,6.031644726205439,0.2531993596581392
13519514.0,-38.92836976550083,-7.360160295022666,-8.15970610975338
3780626.0,-17.380249253117086,5.347082982688846,19.623889617985103
5961317.0,-29.038398105933148,-4.599792663788669,-2.1781999600766064
13734772.0,54.064937277444955,-36.826235350917315,24.723675273180696
3641095.0,44.0125280344667,-23.536671204577832,-0.3094880430046194
1031965.0,18.358707641253293,-76.94234143327377,29.16220004772033
3801707.0,-20.816060478879372,-2.4766612399300385,4.322465411272598
13763815.0,40.306126044650156,17.120170965347267,1.3581936141535238
3645474.0,37.08977475216529,-6.881211324879839,25.189366450040207
13547298.0,27.34430551453104,-47.43910493467334,-22.45261175543133
3764639.0,35.52347616745433,-30.236192797939037,22.52268618659556
12172318.0,42.45328738490963,-19.262687981855223,6.604320608039643
1403742.0,9.53001150788022,-46.69842796300687,3.485785793146056
3334047.0,48.23210812122662,-37.02185284020858,-28.770086748440182
13578680.0,13.839752393736543,-74.60403186979661,-18.359657390451513
9563813.0,-33.079937947673386,-45.78074961978292,11.25418549166838
17929826.0,51.537493985137885,-27.672681870852706,-25.09897300755499
41635.0,-31.619832607085108,-1.937483015310799,7.322958170625512
3676726.0,-16.618925369015834,-65.65716175929806,28.587015840349057
3703672.0,29.676778781381245,-11.40103866556615,4.915337332943998
3644891.0,-33.298498740148816,-8.70245224378493,-0.6972149228487157
3673008.0,33.205401464562556,-11.23283334718529,-0.363360132678622
3772656.0,-16.40673102447458,-1.8188397642266358,10.620397271567514
3766186.0,-31.801366401657248,1.25042948309093,13.030967957193354
7664970.0,27.36350978151799,-52.88102082392309,-12.651745583807188
3746785.0,45.664678842030284,-7.987743182572701,15.448994949634223
3596470.0,56.54452690253881,-2.4064233946165006,4.786254401269435
13767426.0,34.803077775761096,9.62799115695752,21.431751140921392
5322724.0,47.49502059387673,-38.01809298492822,-28.818361967360296
3750987.0,53.151757238430896,-22.668437806434497,-28.966257456271034
3641490.0,22.588873126205723,-0.4503291731818624,17.249080697454882
3634542.0,-14.310379825371257,5.586012782792657,-6.7759296141627345
3708848.0,19.647105979048774,6.383141914552504,-7.360873263907088
2657807.0,-37.00387247625702,-7.403378504792937,-0.45067638215738093
3933255.0,-13.033723325963413,-1.205165415223274,5.266018674066611
2105290.0,21.03131371131018,-42.70529082925273,-16.29554275552308
2569340.0,31.121993885355565,-39.89302527236777,-2.5607247507810023
11278194.0,40.314465196042164,-57.046415451913255,4.455435286616805
4564545.0,22.57448165854987,-51.28209197811763,-17.44226909734573
2476729.0,44.948376232202605,13.385060906115495,-24.455705974283713
3817204.0,-28.37945044418552,-0.5310853029571752,11.373499166151621
3685480.0,55.41676298349769,-15.113293178091478,-14.370762174874143
13139896.0,27.989390944180876,-12.526655331751737,-3.044694033613204
9572800.0,-31.797277375876025,-43.617455100076064,9.91955541442571
3420611.0,11.10009598579255,-46.81469316425426,1.320718868228803
38548.0,-29.84242842912096,-0.5481425317618924,5.7358327097558774
2639261.0,-35.2474590908524,-5.319971674801197,0.6414911991074161
3315970.0,-39.35904525900334,-8.754750335853482,-0.7168700599745725
13524919.0,24.903083740746013,-8.602842012542538,12.073532095374404
13484598.0,18.86997419795362,19.361394913380316,19.642889617940284
3460008.0,-31.402386648650555,-46.04572130362908,11.722279234832646
12889650.0,7.317560883165561,0.7020673559199098,-6.5688601835253015
13613477.0,48.53954391633605,-71.87097522591372,-21.94656111158607
2645305.0,-34.035341456686446,-5.639726792767243,-0.3531855854038586
13614392.0,2.5597846374813154,-34.96093534142436,9.891481118067393
1048994.0,-39.31049893973803,-54.652090088894305,28.555098037418944
13615284.0,23.551880946640548,18.136340930829444,9.97081879536847
1376784.0,41.09199610577541,-21.863666766803806,4.7491059464987035
69844.0,-31.859012174344805,0.6728761457315587,8.79133048344061
13348063.0,11.428293969928086,-79.48458861788461,-14.538055238450681
7651127.0,54.63818229516525,-63.44028849987242,12.870517757041652
2635686.0,-35.02345453313432,-6.059612246082944,0.6804293998027124
2381494.0,6.4136063175992675,-78.8575403888425,-12.030065923003537
3836208.0,-30.307140861169014,-56.024219198157304,3.9198037045692655
3423393.0,31.54646182184173,-54.52465276461925,-8.054995993691374
10456405.0,14.28820719775062,6.636629729885669,4.7998481259350445
9497206.0,-37.409277135914614,-5.388277119116307,3.4616764856117443
21794.0,-30.58985371867432,-0.6122433247345751,7.216058303691598
3492489.0,-33.5524142694051,-48.15873928887082,11.131113454868615
13563102.0,39.51343357880235,-67.66218027073062,-22.186030955887006
13472882.0,1.5781044414640473,-7.182473409732122,-11.797281832298316
13522265.0,-28.723568846498477,0.9062407523177554,12.058520820238128
36469.0,-25.591894852305746,-3.065902716664461,6.314825387957278
8342555.0,41.058268412603034,-78.29696561033651,4.198374658966632
13755398.0,53.5328357561945,10.594195550847262,-6.937976989263758
13762914.0,44.51484568076657,-1.500936497592692,17.20695560831888
3650374.0,50.383491599827195,-14.406552354198025,10.500792102129518
2836121.0,45.26954270712848,-17.29683129818031,7.663161154477926
4570526.0,19.272484702689635,-49.742469041330416,-15.577708976326978
13404598.0,13.038805400035532,-45.769981678336656,-9.76378884781071
2785948.0,41.725164030009715,16.47925998078842,-4.210535648281806
3378068.0,-31.456876439943485,-1.659121715713303,6.099125659424365
13618547.0,-15.684184936372143,-13.999801612289763,-27.95892972046882
13472439.0,10.007213716548614,-46.830334219592906,1.4878087438320584
13530784.0,-2.184158299064194,0.1654691336934857,20.259716705511632
2925049.0,-4.291161308649079,15.899736517746097,-1.4144107222445448
13558774.0,8.711561712193882,-1.7048848544525348,22.05739116043847
3759974.0,36.13757299953,-48.21579332648881,-8.124415120957044
13511688.0,45.1815679447385,-35.697629163536774,25.36190748829899
13484861.0,-24.147365523061197,-41.64654751323254,12.497615048017002
3720789.0,40.82657999285308,-22.487012561026575,4.474010742572879
1387983.0,-24.396923240661,1.7295752713080805,13.504674064815706
13530470.0,17.802789300360956,-50.33339999096387,-13.663328741341193
7166498.0,44.68479521936453,-0.19444067922007907,-0.8914558959880727
13068716.0,30.21928890840303,-45.611161914523024,27.530643080702415
33641.0,-29.48696426947581,-1.2871785075101598,7.8490175708323004
12537582.0,14.598746259466841,-42.592428714784,-0.21055223634653775
12613259.0,26.470045337206884,-55.492848455210826,8.807483757636087
3386727.0,34.96821600058252,10.189889660807426,-2.576695180733616
3704838.0,41.93999687820675,-24.22328753543835,20.083878153289398
13595688.0,-26.26430713788933,-36.90978808361957,-26.421618316443592
13531627.0,52.73045365419091,-29.8413904105959,-28.92242926001796
8309566.0,-23.416935217322614,-5.383936962193887,-1.4921340948376043
3430147.0,38.602119787500605,-70.31412557504935,4.844011942420607
13461207.0,53.580989862897674,-21.37825929702861,-9.50994691716765
3458705.0,-32.307748616477575,-44.51440910476894,11.060325958187313
13595134.0,50.754540019667424,-18.015116859851567,14.097210688287348
13610853.0,-28.554737030284485,13.187509633645,28.891009134600697
13606758.0,26.89311992669763,-68.58242215685381,-16.348735699867778
13466497.0,37.6758151690095,-57.92089162910225,1.688922254161259
10757436.0,32.23151215191136,-54.74076116544674,-9.366042102061435
13768217.0,-12.07859078430294,-45.543941315335076,27.103099688597382
53604.0,-26.43732918390223,-1.847455303106378,6.284982558724191
3642586.0,-27.015155569522957,-57.758023762161216,-20.72029443789353
13753470.0,-2.501754223916939,14.818959600194452,-14.869754346146795
13600057.0,1.338606486469498,-74.33566472534397,4.502133243806328
991967.0,8.482174577563995,11.103760569720777,15.846417805025462
3478715.0,-33.24935029665014,-47.47159124301078,12.026956828222296
2853001.0,26.846634709648992,-5.288553184559687,19.367915547551178
3057863.0,19.827868421538454,-40.08009649717857,-17.128182960369077
3207072.0,35.98810966810932,-18.194660276111414,28.20283111269584
13518906.0,-30.017751051822202,-50.19265886567673,17.38329200273833
13609883.0,-29.448842726316457,-8.437788207419315,7.379461140390377
3081642.0,13.8024965325363,-63.40254321871221,20.671567940238106
13348661.0,45.10750700666436,-34.433400476610245,-18.622116853571875
12225902.0,23.95344839490371,-70.83698731618435,28.47813824738616
13624417.0,29.4377122997702,-67.47372795937969,-23.77320577451738
13567252.0,38.72221766248199,-22.99977399294089,4.576563757162414
7197620.0,53.5031381706096,-17.813069000692522,16.818620842761586
2912160.0,5.217554135580862,-8.266093329733836,-5.743232473301612
13558465.0,50.92043930965627,-19.78039423099527,-1.1024714307866663
3637719.0,-22.105957497890884,-3.0011844979542595,7.594318827482114
13776522.0,-35.63014316384644,-23.460742087255053,4.424333824740376
2796965.0,14.525705802067087,-34.933727914105134,7.152632006151599
13367702.0,35.75546129623658,9.565254779578689,-4.596999645507161
13560694.0,49.02963191078261,-81.66051092422802,-17.780720118258863
13404901.0,36.01637956804696,11.065020047464735,0.11354522477686535
3331805.0,39.970662722070706,-68.97476748737718,23.534094136924182
2644983.0,-36.1311636064973,-10.0219345392867,-0.4177103930669328
10115994.0,19.076187407982133,-72.48940615764218,28.271881445551752
13553332.0,4.76351193528779,-10.868820099844276,-12.209744337066539
13004446.0,41.107950851096454,-28.426786888832893,-28.680921526753245
3009685.0,9.373877786463101,-49.69167124796273,-23.155454371581584
13513603.0,51.1339451906914,-15.880324683502444,21.753324913321926
3233758.0,14.348228795695553,-42.29678846639417,0.05538907504865964
13604214.0,32.995345528610954,-84.21467731773599,-29.73772724765886
3061451.0,25.774684664992023,-9.1228897590743,-18.79254436335149
13143047.0,-30.266858704264738,-76.55300913911134,21.752326525120196
13495406.0,-16.433833704163078,-60.357372552981374,21.072071911418703
3013464.0,40.09905926950478,-19.403814810290694,16.75251629581045
13616180.0,47.02957510476515,-61.03151337878452,-23.4091447016019
13567929.0,-20.69238872795084,-5.489484902048622,-4.324467105986785
13487701.0,46.56679000293208,-33.934637305754705,-6.951793001464299
4475268.0,35.42996116420112,-2.343962565667891,3.653834480040859
6616706.0,39.51163960860086,-81.88240837203253,8.32452863621334
6591777.0,-27.325001040662126,-3.8026607377756068,1.0415822371445627
8316347.0,12.914002337437793,8.867237489634414,-16.97563282882936
13538311.0,35.19503038336428,-24.622384435516313,7.867686148107392
4528368.0,34.434541560460495,6.613713196208361,-0.0972731669301532
13483954.0,-4.68324241880504,0.928920811818726,22.40843430463508
8645372.0,-33.874609512775464,-32.35178056675243,6.376436071723253
1388531.0,-24.30266287381049,1.5205292264440438,14.878031838318268
13590794.0,34.48902292445119,-29.892938571974888,20.58693726668806
2887749.0,10.27210872875471,-75.1238038712354,-23.68461206326323
5374885.0,15.342079602991394,11.0788115419479,-24.40690046948351
2299222.0,8.093202648327955,15.417223781960642,13.120394655894895
13477505.0,10.413525290516613,-32.81825046477147,8.058897766665172
2335941.0,47.60893785593863,-0.8476545106262608,12.640901196155118
13576218.0,51.928944466790945,-5.64744608547856,-7.098758516398018
13114441.0,-29.828922460849594,-25.72641498761285,-11.011934361812523
13538687.0,-4.1237182879464145,13.317058106219985,-6.7038381376766605
13412157.0,48.71926823291831,14.483478380621044,-20.93439218168312
2513876.0,-0.5605167235721726,-54.330696620971345,7.530875306286363
7200660.0,53.1697988963861,-17.439251445248026,17.66305457222213
13052133.0,23.119019625907583,-0.73752393742586,22.270471556190117
13437838.0,-5.794489693263164,-2.723156056626955,-25.06180985761883
13552549.0,12.467288488590919,-71.75990886528841,-25.707691793695687
13130925.0,-29.74117975817233,-46.95636454218477,11.044895849149578
13610121.0,-33.90038494921839,-42.81011520849934,-7.602104393541091
2748528.0,-25.878799980277304,-60.448290227380824,-19.41853375153642
13615518.0,-9.221606738069953,-2.8224566806523264,14.277772802297113
13358527.0,-33.57427583035464,-45.49865322167669,3.7019792017325783
12984235.0,17.72152920954112,-36.61173290833495,-20.537330466505495
13584842.0,-24.274956630107816,-40.40040434641866,-6.473528386843789
13521661.0,-4.286855062414022,-10.856953393839692,22.305455805239706
13496386.0,54.81914363040166,-60.82543851246998,4.26314069934894
7678274.0,44.637565049142204,-21.17675725753743,1.7045226201378876
13617553.0,55.304752561780816,-52.31953677347103,-3.4581032819668014
13590449.0,27.876833453867174,1.6709211122465266,0.15118356677902822
4572185.0,22.662095156265966,-50.463427320497416,-17.580256955585313
13833057.0,19.98482830048143,-70.29421428930107,-12.022222267686075
13882949.0,-0.320918044341735,-49.98935067735453,16.728275117825653
13589611.0,43.45862143507076,-32.65204891486248,-29.355619111472663
13570035.0,32.652624822506326,-29.291321687437357,-25.6100225928389
13536713.0,-1.2268836327382244,1.5366655993051221,21.452264876497033
13424444.0,-12.88093915443288,-72.12418180764212,-23.0531385923715
13555770.0,26.46525174557469,-67.20355322663478,-15.59719399412406
9045111.0,-12.038901009444134,-73.53244483504992,-23.410325866425772
13061290.0,-24.93860699254698,-54.88771324153815,25.557873359959427
13556108.0,30.456610099086202,0.8349495877169797,-2.7569750943297815
13560997.0,30.17680852330542,-82.7183927657172,-1.7784660414463822
2902334.0,17.849893127628093,8.702586642784542,-12.049205445300592
3360951.0,14.167035573906759,-83.3741767175242,-14.215076176331214
13330661.0,-33.4231734059181,-47.87566630017788,7.367134014022189
2106518.0,46.687250332962336,3.6340725838133374,-18.142177179809895
8598771.0,45.039819457530704,-5.735203790677818,6.4775965904272415
13449698.0,29.9326493215363,-77.61046791605607,-6.818659638935046
13545801.0,-34.12797282150034,-27.632477374789215,18.24226075548882
7674188.0,45.23514198054786,-36.13244531536748,-13.69550924421296
11669359.0,23.625149016760282,-74.45828215664513,-11.926956623833735
13599851.0,-26.93234700553752,11.24584999407941,-7.622990747939792
6612867.0,38.82877266667004,-80.92471000294631,9.005504685762565
13607006.0,50.635890508791356,-70.95311701312573,28.353093608796858
13393344.0,37.57468283004336,-15.58675507488423,-28.73007065960145
13510999.0,47.522092397372504,3.666473347801331,-16.45853364806532
1018633.0,-26.924263082058324,2.0177553872834695,17.463419887346266
13805171.0,-23.736248941526277,-56.862099554962555,26.834827867039877
13514509.0,6.233223583452594,13.814613394608735,-6.288466116988639
13546068.0,52.1901059389394,-7.3641124839383485,-9.396877823395231
13429402.0,40.20635400212983,13.19128880188972,-15.798214848134428
12141661.0,31.937138896508724,-53.415107802446194,25.646991151614284
13553954.0,-3.6358984433591606,-10.560706494327915,-7.624930764240091
13543928.0,-29.33604477372825,-16.183274161099384,-24.064362931824117
13451014.0,-14.472052559695431,-76.96680161503274,-12.333180485670535
10705141.0,35.39346531291929,5.870532637788506,-1.0960682334608651
13338986.0,-9.033603268635677,14.145168700220697,-12.224163361248433
13070201.0,51.4798062248233,-38.973320499086185,-29.097673914547514
13597480.0,-37.648728984624775,-68.88433777699763,-10.906041704447611
8772140.0,-11.629927511996488,8.02618812682275,-7.971844008499334
9493313.0,-37.812742380256616,-7.854879788396971,-0.11310237897472764
10385210.0,-34.02726118581021,-56.283128267211005,22.14593341549775
13566042.0,12.974067384862352,-70.49916852327786,-22.292795732913714
13465242.0,6.161209322195537,-58.81341201110027,3.51618026875759
13126374.0,-10.157258773974641,-78.8817449851925,-11.20976667033652
12564160.0,9.105385914222886,-73.21285024072039,-24.29823988586212
13594583.0,-41.654041448028615,-24.473618912013208,10.378502935979554
13229529.0,19.318782320421587,-76.33249583821893,-15.515675590115658
13431347.0,36.890634349410504,-52.2332227227456,11.5595414164506
13536208.0,31.280244344328235,-47.627715179386094,-3.5144863489306104
8165726.0,-27.935626485368644,-4.392010087207832,5.467947514535231
12672958.0,24.323819316767683,-0.6452868481541656,20.79612438524729
8152593.0,-23.54630990027702,-1.602531991460034,6.489976605621565
13588395.0,-35.756694407850404,-21.970330110996482,-7.445070362409375
3534437.0,13.55122335750665,-78.21983382096901,-15.535194914705704
13596332.0,-34.00736390475829,-80.79183378025174,3.475971387294594
13560397.0,-22.34829123217992,-65.2211961291162,28.810494326756917
13567569.0,-10.580565542843328,-76.30059359288414,-16.336552053360123
13144981.0,46.18113561425956,-16.65200172496536,8.78899195861002
13575531.0,27.77151083897762,-58.878303755488616,29.651036458430834
3476450.0,-32.27201405978479,-48.179669320126266,10.828198404300156
12936241.0,-42.56117747948075,-55.49148705676414,20.11535510240237
13513206.0,39.31331788704912,10.413700001256636,15.608624504864554
15708288.0,38.928873100336666,-6.658032982360814,3.224957039076446
13380447.0,-14.190303508697264,-77.70082390276627,-29.342490744589796
13463529.0,38.72334825411607,-74.86086690489907,4.657152544876049
3022529.0,28.07621524918961,-54.70653321564719,27.27991518397486
13333150.0,14.65359147888908,14.6035933106749,-18.023162487850424
13552230.0,-37.368696433572076,3.5088132584479643,9.846343146775604
6590735.0,-27.200899762652938,-4.273890952557634,3.00419121922173
11900890.0,39.1422799320123,-4.724517365481616,-1.6165124210316577
3045898.0,52.68152849020411,0.94480875243968,15.969753713852807
1032412.0,18.77605261008521,-76.62781767772354,28.853840124539275
11610653.0,14.32038236569194,-42.69934115221814,0.13631792557772204
3399535.0,27.536675299285218,0.1725053814477926,10.786308379669117
12648400.0,54.22884429761736,-17.8385246509944,16.2344992512097
3468957.0,-32.027825555118035,-46.690745664237596,11.15877764718862
13517996.0,-40.661728045409795,-32.221593348498615,19.728004279932506
9573412.0,-36.24082933557039,-46.489390860199386,14.87564522819778
2953187.0,34.803946285723015,-44.345758646462116,-6.2970264596712155
5991698.0,-6.581977697525238,-3.928907962506865,18.16499899039325
3179185.0,-22.57465589367334,-59.148467251547395,27.298240761466708
13354432.0,-23.03027672341212,-47.30030838427093,9.564214952701178
13351521.0,-38.464009852131085,-57.767234352006845,26.06715700365963
1393940.0,-0.17008432585269695,10.437426649847708,29.478190382051285
13478463.0,-28.201733809686978,-38.73715263617569,-14.009818483837748
13486554.0,24.589832717090417,-1.0644889373719182,15.883935246137492
8322801.0,31.990671187489696,-73.37672840368322,-21.478589270903786
13543051.0,7.383942825680841,-33.74474946943475,6.270549859219152
13452150.0,36.827798385462366,-49.27380212481234,14.645383941290952
2998279.0,15.471551522217048,-39.43738783159574,-1.1901940493941305
13607676.0,42.698390671214014,-20.977216849654013,10.691301554096569
4523743.0,34.23792168127597,5.931009918667145,0.2800290307694282
8835773.0,11.224555630833166,-28.60441728530249,-13.961476651529294
13333893.0,-14.881266874865682,-2.1913769901270888,-11.747907159549666
13008299.0,-18.296722879895658,-9.091479197388786,-8.561907860131068
13486862.0,-35.90085725500855,-54.230530482903426,6.9874516849261195
13105267.0,51.30679244868239,-25.731029230135665,28.776819716243224
13329847.0,-33.15118684220388,-47.92979297409282,9.048472454388925
11723463.0,24.026940514044497,1.3066894080079001,12.85700453248034
13360479.0,2.754750861604376,-9.972326500978495,-17.075521186268826
13479476.0,41.2743333118455,-21.94709617592068,8.020772398873234
13596684.0,-22.80331520068667,-62.002299442738014,-7.65785126593804
2122834.0,32.414070631217186,-28.91994281361355,24.449640791842405
9246966.0,-37.55526451956512,-35.71333091830933,22.620975975035567
6692188.0,42.7799002049005,-19.11940846848829,6.426979158919746
8155846.0,-29.519271576780298,-0.8535482767432467,6.9380248307181045
1709590.0,20.099338314684342,-68.73472688818457,-11.980776438894717
3137824.0,-34.197908366686995,-35.488604872323926,6.490988875792016
12937771.0,-4.590293104179271,14.776946967163578,-8.784284255218537
13559016.0,47.97668782996699,-53.730844673803595,27.773039702330877
12118868.0,39.736778558113265,-66.85900989167202,23.93637863114547
13432948.0,55.9587041694398,-22.45843981917021,19.569758774804612
13067538.0,46.13874638834683,-37.672878347947005,-16.121604046506167
12241559.0,23.510012605436753,-43.280445246315,-8.590734693885821
3145503.0,-28.310319562236334,-33.69991981360721,-8.102297701342856
9488374.0,-39.08813438987051,-8.543412509560302,0.5265560097643593
13421521.0,-24.97213586181195,-66.5934625629481,23.881233439488376
18252578.0,19.086024558900792,-75.35325635927714,28.992250790343853
13413153.0,-39.32949327417921,-51.99337676317258,24.041446888826307
13503584.0,-9.364859565050423,7.551384047311567,-7.361821985600107
12801679.0,-0.13645557365517358,-10.376641683803705,-16.661013617638552
13375946.0,35.825834291753466,-27.30540576155127,23.314262106697164
13123538.0,-22.942301047396352,2.36670190979126,16.489189580788622
3462715.0,-32.27649143085656,-45.08179219923611,11.041759054597865
13476863.0,32.969765868530686,-12.34370401132194,20.336234483901272
13521088.0,-32.46213148781768,-11.101096532793168,3.0734750224574965
13329063.0,49.59744326291083,-16.938324950789802,4.96388898565656
13315217.0,-24.3136326619658,-10.041361944519767,-22.018176517064184
11498874.0,16.632613382222043,11.114491049992491,-23.7927963151063
13589298.0,-10.764131252322098,-18.36148166174179,0.30412940361495056
13573827.0,-3.9618900512454536,-80.09747705099474,8.49315844882273
13112003.0,31.968040589001163,-37.468972994474285,-1.4832681282964382
2964081.0,25.61804042138748,-47.047625977861784,-17.261521571130857
13059436.0,31.524184453801936,-58.5935666568035,-10.228622337338376
13475959.0,41.57292508774938,14.6151141664128,18.511764079250295
985446.0,51.35365884034885,-67.9853931409815,4.361206520056732
5370062.0,17.87108855864503,11.383794699275551,-24.12419903292691
13583957.0,-34.63046668765828,-78.85457212797654,20.72591865245569
13484296.0,-16.487042060611966,-18.490796203579137,-17.13811484550728
4481174.0,36.53007721405958,-5.959551007351691,1.5461658977662807
4458733.0,37.930887298579144,-4.886739393245852,1.981736630600674
4569862.0,21.990911972485637,-51.656689175536506,-17.089649540152987
9251412.0,-35.38073280079927,-55.25910990046737,7.828277250261927
13436941.0,53.719104247867875,-79.241072646069,-20.84653503530265
13329329.0,45.05902107806883,-57.380689541173574,-26.430827639560086
13386648.0,51.713409554181226,-28.34045319821222,-26.416605012010592
13597817.0,-33.607862109287545,-29.511641523481455,2.6402376508491354
8160538.0,-24.63924983964341,-1.1170170300576396,6.436474532687667
13500422.0,57.96571261700424,2.8315191999375617,-15.549780916609631
1772779.0,40.65919393928132,-78.98234571638898,26.421197549697602
13037271.0,-10.469818382392168,-53.06718134415876,8.692967578333887
12811556.0,4.377602373487228,-10.303904742655783,-13.808595986225866
3218111.0,9.381381631522123,0.5532554830901577,17.29776260431829
13129050.0,58.74701512202208,-2.3508349169378313,-10.390341199613749
13515206.0,23.88685101458641,-29.14618535195771,11.653199067737232
12736712.0,29.4166337545461,-53.04201026203128,-13.60073461204614
2879922.0,34.95100122338704,-50.168190175121765,-8.250279455091318
13361524.0,39.276017680758365,-78.46574943038767,4.618026120925504
13394275.0,-30.157789547879368,-3.1865659448176906,-11.210383008967064
2846079.0,2.289882370518023,-0.09188831987433654,-6.0613911587678215
8894059.0,7.449412432699992,-68.66735894141377,-29.77253834387058
13113029.0,14.683156382903075,-45.67193515987446,25.448087632418755
13487200.0,-6.645998946902008,8.847149578133982,2.676697275262973
13533325.0,44.67858568706461,-54.618069954933,-4.780677281137811
8413062.0,-39.157461036833496,-58.846370467541504,-5.5596228886383425
13013615.0,-22.24373444025181,-81.60375245055066,-0.5297562574692423
5306604.0,33.931173156734246,-54.855135087374315,-9.223288252266471
13559746.0,38.45907884505724,-12.317964891208657,9.597260173883864
13585223.0,-20.661661167157497,-14.130777208811171,-6.7256538494551155
75815.0,-29.186712511275836,0.39544754720515907,7.915493887449446
13537341.0,-23.281204232478444,-77.76865458187827,0.15877329266643692
13729749.0,35.87231743570668,-47.02068599693564,18.45497234443031
3456596.0,-32.86260586929147,-45.92262806788159,11.643067668442157
13479972.0,-10.753864752274513,-79.70593617248387,-10.371742724196487
12729521.0,55.754669984636706,-62.67720503933959,13.313785558691995
13407704.0,-22.97905505893508,-77.72288728686405,-24.47804699079107
12671199.0,35.72500363796476,-32.19205301320231,20.432467526534854
13458998.0,-23.59509953832194,-78.31461903295286,-29.065082114197224
13566716.0,42.492430745612715,9.521981476823132,-27.33107172462801
13151448.0,-41.969067238228334,6.0701835046665344,11.765248923372633
13147618.0,52.15325552188266,-76.03175012194004,-9.712066800276135
13494741.0,-39.366472548575565,-6.356917874134782,0.17282396373744868
13569377.0,-35.23506995454471,10.819671571098503,-14.186144530524889
3552682.0,13.057553248217186,-77.86073830912012,-15.289357883920832
13478084.0,28.580613463296583,-48.01553926474703,-21.17381933787771
11459779.0,46.93538207373015,-38.99931263216451,-27.855523805471382
8162564.0,-23.601754829451796,-3.0067497587629304,8.574580400686617
12485051.0,15.365604904969198,-80.98464353429374,-13.714079912949524
13480332.0,38.89323102271098,-54.52451682497944,18.273003977870772
11587989.0,43.65395901727377,-31.573117157743926,-11.25792699317531
3168214.0,-16.60245115184801,-41.998308453168384,29.56413620625386
12307100.0,-15.520917953662392,-71.40038166304257,-22.641567153523532
2483688.0,42.87366063697664,-74.4062420105172,-0.5959850112910985
13815864.0,-24.96462092875075,-47.47146720105722,9.900291619619855
5956833.0,-28.778447770554227,-4.665871933722151,-2.2166185593541012
13477095.0,18.22705331246952,-83.48855402737233,-9.981113434552757
2842553.0,18.522839289311406,12.096707604790359,-20.781698130041722
10703704.0,36.25368715636688,8.3894466832733,0.12957455464669554
13450762.0,-20.954012725027965,-42.561329052109336,20.803914291557984
2044166.0,-18.439401714887303,-23.054492180121855,-29.739254028643646
13519768.0,24.231035207122304,-75.89257465315258,-11.813208037666444
13435502.0,27.228964921053528,-48.34997589864922,-23.471868725117165
13216664.0,-14.53489500515784,-2.396915298363699,14.588653426581022
2386189.0,-17.18668901960734,-23.854189850902056,7.911170832458744
13528564.0,9.155540845845506,5.3823085277599985,29.636486347013115
13363247.0,-3.676083163003724,-77.78907755786176,-17.76219805658423
13726700.0,-34.93625120883137,-32.26655981641637,5.613257183716676
13462655.0,25.266547025835973,-23.471418481246943,-5.938600209673696
13506176.0,18.150026908166616,-53.80886219943349,-11.19494570276758
13460099.0,-5.174452698566384,12.470282796650096,-10.638853396791543
13332845.0,18.991591595643058,-37.83147503183101,-18.746058476342263
13871121.0,31.317398522893498,-46.38295868240888,-19.430037897282435
12963736.0,53.106855023946565,-1.8256511378166076,14.974964461596972
13511940.0,17.978421208686893,5.974227874113906,-22.02821919626208
13564350.0,46.48806099034194,-35.36408980347549,28.81097612288975
13776905.0,-35.2768579912329,-24.02791787403489,3.816923226503852
13417858.0,-21.367621219559364,-4.675343733779475,6.6678092065176715
3524790.0,13.54088232448641,-80.00320084048312,-15.49599037281754
245819.0,56.398268263032364,-7.487469238127625,11.832466327183173
13438797.0,44.923640700774676,-37.11104912042003,26.68846694002152
1403093.0,9.047181819048014,-47.200090666050656,2.5859782334234143
13509344.0,5.749497631711405,-10.828012840090317,-23.43786418283824
13832358.0,43.321887854300996,12.251893322735846,-27.325937878808773
12905399.0,-27.763615992572017,-57.51945224319118,-20.696156944764518
13424187.0,23.356839714724817,-47.691136321226395,-16.152726460187868
13880987.0,40.93254872159109,-36.25007993240027,19.104992506971847
13382206.0,45.60308132059958,-75.05500626632708,-2.8721842607760752
13091314.0,15.207375559077782,-46.13866089913489,19.10763672572667
8418362.0,42.52230259516452,-22.638195818353164,13.36695505439015
1053070.0,15.465547140194847,-26.591948992690277,4.731874832248983
13396571.0,16.182144707503657,-49.816044014718145,-9.247502891489066
7196586.0,52.68233230946829,-18.072393565941482,16.56814976799141
13549234.0,41.89610328345285,-36.2114937524208,14.569242318005635
643338.0,54.82455087128786,-17.114342160626723,-2.372242902733948
12279752.0,-21.451354773196684,8.090171319768219,28.040022211254623
7634996.0,-29.072502621854056,-66.40734665315323,19.879878534591377
8159828.0,-29.47499740877237,0.025879037995354848,6.814318064501148
13531335.0,27.315283994639465,-79.88988684630888,-28.14399580020857
13696331.0,42.555047783369965,-57.0857606586596,16.248163593075645
234331.0,-39.22534238183327,-58.36177443573973,26.105122330108742
11500138.0,15.861660964683681,9.968252620855974,-22.343204850969453
2822259.0,-9.62859195979907,-38.91040938624276,26.021354389350176
8346678.0,15.591441004319615,-36.97052398980651,3.827733529844049
12198515.0,9.894351579022231,-69.58811082950719,-26.839062660580275
13497740.0,29.99800834602642,-9.07550503844817,17.782612209204558
13032200.0,33.748069819723234,-4.50759256848141,-1.2006746252689178
4476933.0,37.69152026514481,-4.953935523204877,2.005385730443391
13801918.0,-0.42688042650366453,11.120873276993091,29.912284486082974
12923842.0,-33.85022301567339,-47.83241626951894,7.101751077366228
13537045.0,45.56997102562644,-80.64225599547294,-1.7147707023315153
13447026.0,-6.301330450350676,-75.61546838579854,13.092737190217022
13535896.0,-35.173229186542294,-10.10085171224116,19.751583293443872
13518384.0,35.357153426937074,-37.28143868491523,-4.494377136491291
13808393.0,1.2976695552365705,-59.977036833746745,14.46194359541758
12929362.0,-31.81800042044909,-51.29485384742238,13.848592884811287
13498289.0,28.47088683623022,-3.5692774289994986,24.44286087415454
12873381.0,-32.40806438646152,-42.9511624062589,9.812672580135532
608481.0,-4.4729418890204515,-6.474826813239261,0.2303808315169677
13488336.0,51.664796388752755,-35.54216479642689,27.668400836881077
13003879.0,28.225707486901538,-12.38824245049123,-18.893904232017025
13107472.0,46.58323863334839,-44.78056971929272,25.515008515564336
11983861.0,-31.20891613173109,-2.0627476015822968,7.474561103941007
13485152.0,34.88954455511608,-45.34272197789952,17.641356091593735
6691748.0,43.144758878411885,-19.017300183390315,6.422145852611467
13386392.0,36.35187535265585,-16.6625708530574,-29.914381953136566
13421275.0,35.482359562710435,-24.0472782682959,7.1890794732343055
8161376.0,-22.63228788473713,-1.6094946909375443,7.878631767674907
2972348.0,56.03246899514034,13.68258432278915,-19.74706710308982
13441358.0,-27.482541552153492,1.5639610816804361,13.056247189693108
3106578.0,4.5130719828182375,-34.61298438190256,3.761443499697627
13816470.0,-23.839909125462732,-47.1041954030641,9.3493879743746
12736243.0,27.545673727844125,-52.88060482754114,-13.705759171556842
13383918.0,50.99902532694311,-12.375987703259568,-22.947008125680355
13404354.0,-33.093620775762425,15.816796416716087,5.642272395772611
13475688.0,-26.415631404159846,-42.398848421534524,-7.9335858262189785
13363590.0,44.34127058596317,13.562573776745255,-26.06540864924856
13459349.0,-29.064367457257237,-79.85079298511282,21.270127745938275
3099369.0,-0.39983228359465905,16.51803706739616,17.666383788467915
13446111.0,21.15614780690298,-46.46971954463868,-3.4365304436194855
13505588.0,57.23422229708723,-50.21850793415882,-20.030481547134876
8454650.0,-28.584542445322615,-0.4554437085148484,29.669284246121403
247589.0,56.30332436925021,-8.0694244507255,11.555510770018039
13307481.0,0.25911935894261084,-69.44605618307087,23.157979021143326
13045784.0,34.05103392102161,11.888355458690796,1.6013130199588737
13437232.0,46.50415449738139,-3.62021166735599,8.494795324050214
2500897.0,25.627784957552024,-45.29192109315109,-2.745010836694462
13340093.0,51.82457759375656,-65.26299196914115,5.17509337170775
13507959.0,-12.732291438115109,-0.1317215742433706,-0.4424449502941956
13426691.0,25.441630087467274,-32.97076850304185,14.680650740660843
13458739.0,6.193731650543517,-64.99700240070156,27.557910526371426
3463285.0,-32.59031179341915,-45.178042816414475,11.58934085803538
2425267.0,35.301027369413276,-16.845295141642147,28.351340969612178
3465311.0,-32.02400376739076,-46.94929210749242,10.001878712655937
13358273.0,-18.275106732171793,-40.76920953008829,13.396840282750503
13540922.0,44.24612273050193,-32.78195106037891,-29.747346657578955
12110269.0,-27.34078274269795,-4.4330254382633765,2.3963540804140533
32367.0,-22.820409642612592,-1.5500727350584815,5.904972730846771
12855059.0,25.937680964555625,-73.99928014247345,-9.127915230635304
13382852.0,40.891801323653894,-16.67697228778022,10.982039898955325
13337816.0,44.68317079891163,5.888333171501094,-0.30336876742896024
13408583.0,-11.386071248137299,11.643334346468837,-10.863437923884007
8927769.0,-6.39341824205645,5.168916201835143,28.809207341962516
13310123.0,55.17301487920297,-43.578402232528184,-19.87534593728252
13386975.0,27.97903181611167,3.2664780199588854,-10.407067546398139
13531932.0,35.90496041281708,-33.965472306743635,5.86643066133637
13385315.0,42.122852517733776,5.1628022640673565,0.19652939022396776
17136102.0,-20.46064603702236,-61.08413108358968,-1.6488302877555538
5963335.0,-27.622023624698908,-4.287441920242185,-1.9081680030985715
12618143.0,45.45558345439585,-60.47666042720387,-1.9604759130783744
12804670.0,-37.821371459406194,-57.2099923458289,-3.5633156953839387
13683329.0,50.97106650789477,-68.37430005374448,3.953803053526592
13466218.0,56.342484049889464,4.697973336711503,-4.203036973894303
8977865.0,54.18662489950489,-24.53535423509228,20.89054675518681
13403167.0,33.21016488444942,4.216513955589685,26.52763549573846
8627284.0,-15.63928950151009,-3.3085996054815405,2.5483301052095046
13307119.0,-34.56869006594387,8.754575804538852,1.4429637537345181
13396982.0,-39.99088332575539,-10.16949604169404,-10.598503994422005
13477771.0,20.076444898774458,-81.31403779693143,-12.201172863927118
12320388.0,-40.69149932118542,-22.18920344907699,8.693428640334737
59535.0,-26.152851068947577,-4.292763013915861,6.302796330967079
13440375.0,-24.57770598674064,4.701969440672563,-6.3132181940065255
2732396.0,-28.18804362549758,-25.81076655634684,-10.619493513313143
244671.0,57.63047227706335,-9.914064591270064,11.055460212979149
13119509.0,20.835186487866338,4.057669111785729,28.578705310268152
13876162.0,19.600595424964872,-56.53176977277976,-13.189936285051173
13473898.0,-18.923953870511625,-78.80149106542629,-7.407586736265332
12566928.0,-36.25094281956875,-52.41253336029083,8.037899391792203
2609417.0,50.45155054456423,-79.94053047988905,-19.25191910778897
13522850.0,41.62071306908969,-59.1521506891035,6.916596877581567
13031579.0,-20.050812733560935,-3.5404674406562453,2.992272620205628
9569032.0,-33.70818988214624,-46.840737212314664,12.329714053105903
2675510.0,-36.6143692543273,-7.690346975325993,-2.13205422732226
13523383.0,10.720031080400542,-24.65475404254867,13.967354557067566
13371029.0,12.376708517817967,1.481610183264248,-29.225225860248763
13338658.0,21.48737496593492,18.099645398310084,10.92164231078697
13406387.0,-41.211606161404845,1.5540792685780387,21.45575481318125
13034221.0,44.742968905931825,-36.204976332760694,25.62622412858362
9417857.0,18.070246333939924,-36.343324643266186,-14.262706361841706
7176245.0,31.47931844198629,-46.98377184890935,-2.8709212250059633
7191254.0,18.268261046964554,-41.03627402082014,-0.761923666464086
12923106.0,55.6575564619355,-38.53597018074234,-2.459760563009919
11499710.0,15.7273455335901,9.573363086390337,-23.506412769058755
12132760.0,38.973768259839545,-79.2838975799879,7.804716855556021
9231381.0,-38.281599584697496,-55.17186941125655,5.928580028886055
46047.0,-24.243934080216064,-0.1224935903583999,7.157283862372836
13022734.0,-19.740541238860946,-3.5507742958720154,-8.392050101483452
13043573.0,-13.26909399923041,-56.48554756709842,6.575125670399279
12682787.0,34.64492302946969,-50.284461266638246,20.65301059877755
13117813.0,42.6104236889049,-35.092068077713826,-29.20463925605012
13740880.0,11.693767553969451,-70.88443591860714,-24.998695176378085
2287113.0,15.731926969410907,-37.2801279413747,3.773444939120661
13399684.0,6.539576785279875,-0.6777853241600518,18.80122562123084
13433745.0,-0.4705960484214205,-64.11834985191065,12.255528783092995
2556471.0,23.274169038862347,-36.64907124678421,0.7398795938184728
13483323.0,-2.769292331712316,-75.14210693835768,-13.501996573329933
12238219.0,41.294941696035345,-16.00464860204055,23.72987720570409
3216530.0,-10.171852125110359,-28.55710043373397,7.94758180571625
13459706.0,37.416588930235214,-67.96795550973799,9.935407933680228
12545999.0,45.49454522950295,-20.48105354319827,11.722970144246034
9027313.0,-8.544506226928334,-75.0743579368481,-27.00467938156987
2412731.0,52.02993079211924,-68.68729321984121,8.751702917948059
2378540.0,-6.412631601725728,-11.166643224189107,-12.57183756626363
13627641.0,35.32063670439905,-60.76740602961161,-4.105381310474707
12910480.0,36.52408354951049,-62.18099675653065,5.010429665802156
13492535.0,17.90465177238551,4.8265301958152875,-19.88963085691069
13642139.0,55.32375157645169,-17.104938376918184,-2.6849171674454633
13506647.0,16.823405559955564,1.464144105950637,-15.077163248059314
12174220.0,42.5461845561051,-19.342523555705306,4.836808660850341
1375834.0,40.84718741892672,-21.71107370609566,4.8870085863434305
12452001.0,-17.874081625032872,14.043147969722932,-10.679390601753546
13371952.0,26.655961783946104,-21.98323998488361,-23.081243427539185
13444023.0,35.94552417159792,-25.143113292251066,2.4537206897314836
13006234.0,52.99483558692661,-6.023861041855721,11.996786052190032
13430890.0,52.3901276772402,14.80338285576299,-20.25092738321738
12800060.0,-30.095088767124512,0.22735434990325176,26.486638608603585
13387321.0,-38.72746321996986,-63.609110943019935,10.33209231887557
13306848.0,34.21670934084156,-40.478676798857244,3.8957527220995907
13132713.0,-8.542059167057571,-2.885356823056753,1.1617281259420986
9497639.0,-37.91202502825227,-7.606702621958394,-0.059894817375865994
13295520.0,-24.067812446431354,-2.9865993362446037,1.1253221647611373
2760302.0,35.95744833548971,-48.90616857988108,14.87705070694123
13438381.0,0.40236263918248516,-13.925681004562882,5.113905869560012
58745070.0,-10.714000932550555,-42.00773122067568,26.28312343591719
13357947.0,59.3061447129687,-13.272387219273408,-11.61884362401527
13359970.0,22.588744545631897,-77.64952307384031,-19.179137438118318
8389691.0,30.155440786097678,-44.70390238340605,-2.7159547409599085
2881116.0,0.7050323732966164,-53.33791105261226,7.834735111677853
13327708.0,-8.913638732731094,-2.0308832344843495,15.206284827596381
13321989.0,28.929595881796963,-23.02989355692667,-25.268301093383506
12639435.0,31.283455348109953,-47.143457365726086,-2.69347011833103
13332243.0,41.39217435597935,-46.70184723546384,17.398685840648774
11499387.0,16.18770906999349,11.895524242926777,-24.68954517305946
13326545.0,6.749046856278749,-18.432956235997715,-18.667551268427374
4522778.0,33.90891399070376,7.163472682969785,-0.9246620381971509
13336661.0,-16.21476081520291,5.0422476888857375,24.402176979389434
12672358.0,22.70343724079635,0.2176102299901661,19.962231572736105
13324711.0,4.509905444490501,-59.10493405584099,14.401451700348286
13043178.0,16.167175540688,-77.38856068453606,-28.015147353717463
13453442.0,-14.741307797249435,-10.743679923491541,-25.277960220598185
13439261.0,24.216568159654763,-75.20666153351962,-17.40860165888041
12205587.0,44.36284035262167,-0.42746212134780387,-2.234049240411582
13458076.0,-25.911371547333847,-26.710612117298687,-28.413846744624216
2363904.0,-1.0747023946039678,-20.833531845423323,2.946311234332749
13456406.0,31.331206228674922,-11.140849397137444,25.990582286918603
13734465.0,53.633274985294,-37.39585326015716,25.31590408608431
9495445.0,-36.52242585474687,-5.07029788239446,3.2180247338446
11678936.0,-27.3664030270742,-2.8928397937540686,-1.2287835813822434
8344622.0,51.909347724943544,-77.69359297321957,-21.130829978443803
13350166.0,17.233077618146254,-57.376218964870816,-23.539433239035485
13087136.0,25.69075208576136,-50.16392633426097,25.368267945262065
12754672.0,44.91180963386442,-20.967675390920654,2.1433442514330974
12007030.0,17.609152002874822,-80.1255484775877,24.514602529937584
13474225.0,10.172205334192913,-3.0436450720678385,20.06711541602686
13350897.0,-20.08676114261232,10.412824719923059,29.80353673655621
9496487.0,-37.489962962140496,-7.971053094503275,-0.6989780883638779
2606257.0,-38.08554701994532,-57.838638410667116,-4.621813814960568
11462811.0,46.116736818107725,-39.57649633440351,-28.284384336771634
8423161.0,-4.602955837796073,12.324948530688062,-5.489313029654198
11462348.0,48.30160189588481,-37.47468899505318,-28.444019943602342
13405220.0,43.26562966075516,18.794178905463102,20.30180984907065
10136913.0,-32.11219793001913,-50.776650508396656,14.142281665399457
13352505.0,-2.7086156790542883,-0.4899915067154359,14.266358335444588
13414465.0,13.472769729785162,5.2913024634445325,6.914156889957487
12858794.0,-25.070813166991105,-61.63082829889333,-19.321826553344565
13085493.0,-16.195987468414994,-81.60572290396439,-5.67757750407826
13423159.0,7.7500385104713,-59.99980931009395,-29.390011026480618
12140984.0,33.05247640594677,-54.240206914065084,25.354902823216456
9098198.0,36.33674927833939,6.413461148348548,7.316412056104599
8480397.0,16.784659971002153,-34.05969461241386,-13.95971264711019
4524441.0,35.15367190973276,7.560923018788507,1.2564472210496724
9844696.0,57.226426896461895,11.196498909426094,1.1172645247867679
12509020.0,43.67982412410468,-14.698224358554082,6.8311982841284165
12317403.0,-23.716361656101217,-3.3656620937298602,1.1926250386745396
13783055.0,40.05373209480142,-22.255700074496023,4.677960998841875
9493846.0,-35.83720121294863,-8.519837479863833,0.45212845525504664
13346399.0,51.71460692642208,-16.39970404437796,2.3276050569211364
10491121.0,9.121827127219838,-50.08924042511901,1.4279384024498984
12599150.0,6.472158083420799,-42.00462930290025,23.11144767468911
9720026.0,27.54297356071498,6.817290228943179,-6.562330526773198
13419192.0,49.60615951567962,-83.15588437063067,-3.141544276348654
12867007.0,11.81616189265796,-77.7690733015486,-16.399489786800277
12878081.0,39.06527560685875,-76.3793448688638,5.132035835330599
13118720.0,58.46369903005535,-1.7428824739172202,5.197296747007892
12917834.0,21.709494556725275,-50.09443242502467,-3.584787604879752
13069017.0,35.30589517326001,-4.461655797901094,6.700653305326588
13393990.0,45.822831892183196,-62.27024003596311,-24.434349197058065
8614836.0,-33.208401428981915,-25.533913559485455,4.745117028913166
13386063.0,44.54704069954006,-42.64029326111102,-28.6042518051462
8527918.0,57.190209937309,-14.139525138023567,-9.14532145623416
13314898.0,14.204909294404345,-74.8571372610973,-24.792395953355673
13434656.0,47.36294392816737,-65.91653860388377,18.535215576609428
8306862.0,61.4800951225526,-82.75058067712338,-26.80876648962286
13324363.0,-29.471527940842478,-47.68689798686504,6.051938723550335
13092664.0,-33.53698723795769,-8.233532546851462,-4.2622289916269125
13326120.0,37.83036635228235,-43.8629382880456,1.5884057969358638
8165051.0,-32.14757076404177,1.175052641657357,8.219098797872581
13078603.0,45.38064606389317,-29.055654862400168,-7.218396447024261
12213870.0,-33.537301560188325,-8.908209532918805,3.088393657018247
12243399.0,-23.419190762222524,-78.24004181498077,-4.501247993397111
13383576.0,42.702314989562446,-63.398370368709834,20.7150741048466
12986918.0,3.9450915088326415,-43.67319476745563,22.495671906964084
12972268.0,49.79442797080399,6.566837504757688,17.86053728176486
13464483.0,37.35320704927126,-20.69858553671314,23.634663411607544
8726527.0,20.246362420419796,8.034116623892,-12.437390066373192
13139591.0,17.247023777823603,8.612358518656261,-21.351739170439327
13064692.0,-31.736160501724743,3.8398169534102014,7.745090243780337
13362499.0,16.59916054785353,-24.188630840039075,-27.118166531620965
12967396.0,11.175127151474065,-70.22360611867305,-24.79197898019478
12906067.0,-14.608820817644123,-25.40896614507056,8.928919624108033
13469139.0,51.42183821690985,-49.14830889021965,27.924492661516638
2865443.0,11.74820447307761,-6.162549728539343,25.628470729698886
13373239.0,-23.442325486685867,-42.87087332607491,-12.791261884710337
12884113.0,-4.167242837170482,-1.740127393935629,17.294334696368008
13145232.0,15.011339993301481,-38.96038434082297,1.8183516868601557
13456138.0,44.38064030108032,-35.950548771976436,-16.029016869324675
13073158.0,24.846026038379783,-45.84458702553604,11.881956867825696
8783366.0,29.179662281382072,-10.145170619737291,5.084425621268728
12488824.0,-31.0884067309173,-2.6713889660809604,7.703673687189273
13314478.0,14.02006906550901,3.8531375649789745,28.93198228314279
8645850.0,-32.3845831229777,-23.993086090267386,17.625073780709123
13374729.0,0.7437947733387908,-20.13734693996056,7.449381788833533
12955971.0,-6.942640240130026,-29.281039507025096,7.387452056140187
13346814.0,8.22335065191528,-41.97270964334886,13.091186276508086
18981609.0,44.70853575230032,-0.27323078913435184,-1.4820142046415192
13389603.0,14.400554653261601,-52.07170389123134,-17.08241951782398
11506104.0,-27.656014537408698,-5.5671740943164165,-0.7821699407537093
13074987.0,5.599841331713901,-80.94111765613879,-12.138682311538489
12975246.0,-36.953338083562564,-50.998245702999746,-0.5619973304660464
13379757.0,37.48562985393471,-43.402597603708784,-23.48322759076868
3092770.0,32.32628093728225,7.160743258968626,-17.04171967580018
12335774.0,-40.44747005930416,-9.629076468972734,0.9739429909197277
12883484.0,-1.5127079689507836,-73.1648457339044,-2.95976187561768
13312721.0,-35.88929103442277,6.599489197995435,-7.333750108609031
2484530.0,52.760028832276326,-71.6298763279966,8.318700777473737
13434329.0,9.81969856032698,8.355401286374367,-1.6960192587791627
9564895.0,-36.39839191443416,-45.41004268995231,14.326108554482223
13426944.0,38.45175547760558,-24.59685496933787,21.84014828554318
9929767.0,14.994006294073834,9.9191434126076,-20.16103063401263
12605427.0,-2.7621317253377353,11.010097338057022,19.246676222251246
12486814.0,4.904444433163459,-74.90471508140853,21.40050377233351
12949501.0,6.336734880338553,-16.442405273717878,5.557950013707291
13138490.0,32.276952425487096,-46.91225251811082,27.532857633209886
10700169.0,35.388295908200945,6.378162267171007,-0.22782171872910917
23302.0,-30.606251000119656,-0.9104988544585451,7.202878631976427
13416887.0,-31.45986985508281,-0.583324773086511,22.361991460759185
13457129.0,20.394089732073926,-0.3681811600558007,15.75402942854644
13377171.0,42.37129388025311,14.807334368412905,-3.399923522550152
9360660.0,3.3474680503529,-70.15092066698301,12.460827890944985
3078056.0,30.85348591058029,9.930478336641109,-18.29405487942922
9138810.0,-33.01435761099757,-19.85868265545054,0.2522118712329786
11879261.0,56.29421269842882,-27.542912868501528,-23.71350176904496
13087482.0,36.754610358905296,-72.00509024111486,-0.7262748739057638
12719756.0,32.836662014606674,-29.600475312526065,1.8575340044937345
12996185.0,-34.060505447926325,-71.13142924263344,-18.97953578353105
10928583.0,34.56514468320613,3.1189427531937968,23.260198801846986
13403718.0,-13.69031074303961,-76.18764804414363,-19.192061352036962
8427799.0,10.159731732913983,-4.629689123028208,24.06937807025201
13410648.0,-6.467631650092347,-48.33328122051568,24.290346998074853
5308936.0,32.78864569640625,-56.68731490778087,-9.3202571390983
13047275.0,-28.951636676071672,-0.5358361405690071,9.887447160203342
13046212.0,14.10841615635798,9.676142697376426,-11.186194615009965
12913181.0,-5.7608497115448,4.3181360505290645,26.64835760979188
12970240.0,51.46854327226216,-41.059190386112434,-19.639671480837052
45652.0,-29.655601571846333,0.2081949934025914,7.3203435217839825
12873025.0,53.781969099896706,-20.88424354105169,-8.920928728085313
13016252.0,1.7475283549030747,-71.17160423063977,19.769530953443
13142693.0,-16.18515579980167,-80.989581012467,-6.340819895837166
12139819.0,31.330209078314752,-52.99069788582819,26.44396511063889
13358817.0,54.29683088356781,-8.858234496726347,11.52510811909378
2100693.0,-17.26302478781259,-3.0716566010272475,6.281032032655798
12585173.0,10.074544486360573,3.3936140683118743,13.599737421148825
12948700.0,-25.05833765714455,0.0614672563395513,8.950161203006392
13445476.0,37.84203587668498,-59.22031778466301,-16.549752184533936
3215525.0,20.89381670358844,-83.05803079581679,-20.047706882034305
9561734.0,-33.1559464665374,-46.23654645856548,11.493509798626366
12983643.0,-40.241753160972806,-57.11377461335468,4.5524024152149165
13362089.0,10.631740764636675,8.713794540618354,-1.1576771758929625
13132039.0,50.9885368802583,-35.013465336481566,-5.441996189980086
13019590.0,-10.946670951028945,-80.14460190706654,-9.193252257152622
12543124.0,50.60116651753076,-26.735290105085838,-15.629850895505225
9330359.0,-34.39299235511793,-42.20553671332087,9.487248395033873
13319664.0,3.28097359443033,-23.630518212839842,6.359412813024818
12350432.0,58.71343870456889,-12.622041691038785,2.577436823736811
13132361.0,-7.236100938179427,-81.75754311681332,-28.786345789327765
10007055.0,42.9705355484203,-10.039831421673236,5.469715201568703
13406648.0,36.36125443368594,-3.3758992869232975,-24.493692148204772
9851302.0,20.075032231092997,-13.152867849739906,-6.011428718841223
12998467.0,-37.76425864576668,-30.083550364031236,-15.520287005665722
29818.0,-29.694032834572166,-0.8299912096962521,7.422543065156344
13063342.0,-25.413367641221928,10.60413597414103,-5.807346772081319
136322.0,-38.83405461063576,-8.702470313843378,1.0175583033271924
12404405.0,13.730528013010147,-32.74488626295406,-26.49321103103799
47680.0,-32.97328389501283,0.26224620576870594,7.691394814857268
12964231.0,-29.569700805866265,0.23593052825060257,-5.943674977002261
10625818.0,13.291362793453077,-78.04082777761026,-15.21738723750485
12490820.0,-36.34939724677325,-21.83585143334659,5.5697979469967756
13127400.0,37.679504172655115,-14.55154467218721,26.778878381866537
13361153.0,30.102942730692472,-54.56194111878956,-20.983584168312607
46460.0,-26.259874896808018,-3.7617787825146802,6.729419107934499
12966621.0,14.75702765552695,6.363701999285357,-29.91382610916685
13372923.0,-4.751336830351882,-80.9469585861766,-9.889000977625516
13418878.0,39.071964975338844,-33.047110159224495,20.02699487118749
7658846.0,-35.07790000503796,-29.00061205782212,5.443710241620673
5303741.0,33.27794417796075,-55.44572902620478,-9.403473385627235
13123908.0,26.189815390642003,-48.16364589471781,-16.122323029041002
11938429.0,5.829344079281616,-4.990410910444075,-29.390372556837136
8287973.0,51.67545109244479,-4.6937517184722655,11.597784901094746
13137110.0,48.220130772375725,2.316915297655493,-14.386985450509098
13128204.0,0.14762711543789342,6.879285673030772,26.948195684632108
13098927.0,-4.331708989649796,-62.88816645848153,17.99527275407837
13669702.0,40.880163286443725,-9.63800130729372,-21.58995158961677
9764292.0,13.721593157391826,-66.93988440672514,-24.695179341372576
4535967.0,36.42634047763623,7.796032042480851,-1.1176098614028387
12552069.0,-31.974408943684832,-24.871759241734,-10.737918226584041
17096204.0,22.737395393669303,-50.10693456665119,26.27291302459421
13315614.0,-8.37958616077296,-30.436018777694535,-24.015501388211387
3534067.0,13.902886373370194,-77.03013930012895,-15.975940211549426
13090724.0,0.8648387661904976,-80.96107586061703,-8.297691468382384
13850886.0,14.563523523269303,-59.92346954955292,-8.919655078356836
13118297.0,-8.315969080582592,-82.61295454450334,-6.482513012471464
13107772.0,53.252589957394754,-28.818811933490558,26.52210631404018
13407036.0,-20.76486451718617,-37.325284530629034,29.429457721698327
8677573.0,11.56262116517986,3.4551266970468992,28.555753818334754
12519659.0,44.84798797654059,-22.96220597214791,1.3839176248260783
8559140.0,50.43065355862118,15.880760644484736,-4.436593898308277
13424934.0,16.363335370336717,9.239502766904605,-25.88146920179565
13357582.0,-13.750952165445243,-76.16083937697753,-16.151157707639555
13143611.0,44.48634417086288,-57.5755666053641,14.936906990539471
12942180.0,-20.883175911402486,-66.1806743166507,-20.276174419582325
13631799.0,51.49289659703901,-27.046354126301026,-24.778028626070338
12142166.0,32.73295019176466,-53.88048826618185,24.728962265652484
2292113.0,38.92242151090862,19.34380212657353,26.93469870238025
12899223.0,-22.704973380204308,14.198717013164105,12.189658595876875
13334228.0,-0.5521201552989643,-7.348371796196209,-11.890486713986451
12793314.0,-7.300802272318933,-71.89053375267704,-26.82291374439008
10209051.0,33.90926563724346,-52.62690709188517,-8.535397744340823
9940380.0,45.49043794353333,-42.75196045511608,-12.123231395641504
2594764.0,5.016433427760774,-51.40889243807422,5.148758754277992
12550174.0,35.173377686834144,-31.06312646312703,21.46831348424255
9483781.0,-34.44608648560437,-5.330907747463662,0.07783807299503387
13317376.0,49.659623829160196,-19.87426738733214,24.036703879333555
13316824.0,28.86750891640238,3.699010936052944,13.721571731515052
13412520.0,53.776638883267154,-82.31387046928329,-13.001193612725409
13363921.0,53.872589110487255,-20.965839675824057,-26.341904374999665
13779147.0,14.499172790906961,-47.01862794608369,-9.550939348241737
13124213.0,5.374209965009637,-50.01984130430256,17.050254530869097
13353366.0,4.862091937832446,-22.993516553387597,8.000127709131213
13335543.0,32.64705647406913,-53.96761204279625,-3.0416038577551348
12621897.0,-0.21197250514743482,-0.6182734973266542,-22.772953705007488
2870910.0,29.864662586344174,-52.48291807467432,-13.62158846449749
13308975.0,34.9227084664777,14.575198381204732,24.05472061848224
12989723.0,-16.5245569231174,-77.38348428377692,19.98493395762818
3084965.0,27.048068917562283,-49.22076398285468,23.855586628777775
13050268.0,22.30456884040975,-77.8309614990676,-11.38427416840809
13018778.0,44.585916434727885,0.6998547898950467,-8.102956485349692
12397162.0,-34.888719173991426,-15.865062967818227,2.6249183527906803
2825631.0,10.796136677126603,-22.97317348175256,12.808523292605994
11754090.0,-39.166990193972964,-8.942637425127728,-0.13760959276984197
13041077.0,44.994863282417185,-38.55965413471455,28.41532716485385
13420687.0,6.75730135774058,-6.802385298287922,-13.814479413743287
8506884.0,22.36844623469574,-46.69876376744022,-3.201863169048778
13818483.0,27.310835918526863,-10.477502016143754,-4.919590578348795
12987294.0,19.874467943183898,2.1776001929387254,15.245176055207821
12854012.0,-13.021209135241605,-42.16474818917436,23.628615885437135
4477698.0,37.370194699481075,-5.315020368470288,1.7872500355318386
13146425.0,-12.712884956292672,-10.580215832379052,-11.131820005739161
2887219.0,-28.068184202889913,-68.2558628919441,19.87202359493355
12556996.0,56.44797012388019,-23.102203291295954,-12.502180095819709
13045177.0,-33.80971557080989,-36.460466224560356,8.742346384397186
9197521.0,-17.779175100840973,10.316064100190871,17.558230428025873
13070847.0,30.933675590924857,-10.741613937237892,-10.048204847814581
12956605.0,60.39715905832848,-47.511600299317756,-17.491068302402752
13076810.0,-17.925174770026626,-3.670334068631612,-9.812960843991458
12716701.0,33.726814590626596,-28.465437467856525,1.69667454131541
13317673.0,-15.422739991960828,7.505070877276237,20.469000430271148
2386464.0,-17.736486230081276,-23.92514199104474,7.796509385318726
12626709.0,52.111630573365616,6.216290691252786,-4.55054497972854
12767219.0,48.46945863214671,-81.87474867458596,-0.7388516946445272
13126703.0,42.05252211328328,-2.759097897478535,-2.401778276444685
12456732.0,13.763179600631982,1.5856985850950824,-29.596292414832746
8680785.0,39.05709339221407,-64.46038402521576,22.01516971294852
11972398.0,22.651656432274052,14.73404367412186,-22.202867246383196
8803392.0,51.66944142363897,-10.347439507289632,25.55834681958902
12119611.0,41.310031741860925,-67.02198330038784,25.689721275840284
13390613.0,-10.230421144186735,-54.34682085987532,2.8163587656751488
13048011.0,-35.07276084687627,5.685860910137333,-1.283497078725106
13395782.0,17.98480729781694,-67.14417814888377,-20.718381773326243
11294858.0,-10.548260330381282,-28.691357205246117,8.021702570531911
8535873.0,-22.952343580324605,15.260710368701204,12.113820750018085
12993231.0,-19.270098237988464,5.303733960640735,5.16431942246328
12245536.0,56.673153081302736,-65.77866039152119,14.787532800364806
13415272.0,55.267612220701565,-62.6588211852107,2.4046536628094053
3178445.0,-30.8333198693941,0.29709169418548953,19.39154517985697
13409918.0,10.305250244629292,8.510565170539083,-4.057202781433027
12828968.0,33.8847118380786,4.034474066999776,24.88869261982369
12623362.0,-16.23052190442006,-51.02168761742851,9.187995617750495
12871685.0,-11.282866998364161,-46.123200874080915,15.283204898723453
11461275.0,46.903559978337604,-39.41446720290807,-27.246662773329753
12920862.0,-32.64931562376274,-50.472248421834536,11.211667104633543
13134433.0,53.44631223935084,-10.234889013485661,-10.938743821434912
2838436.0,-40.99998097908683,-27.43969238359928,12.330588860332028
13044329.0,-42.0413213507978,-47.913280905571014,17.27271441249075
12936580.0,45.398035268606904,-12.304409551771883,26.050122789519254
13075690.0,-32.56729979055815,-50.18607449491391,8.19501685065387
7167785.0,45.107377828866795,-0.6296709957771465,-0.32471484566624387
11945224.0,26.949692688059933,-1.0643423188946426,8.517775564675738
13088136.0,-38.322548611195515,-40.83469350039534,6.736473952702896
13017962.0,2.521244554900578,-11.726039357773315,-13.63246401742773
1783239.0,36.61205596360617,-52.71006074047278,20.479573284700717
8758091.0,-2.542407538619389,-79.78826633771902,-12.097450043900391
12713421.0,-29.163992505448306,-66.49449669519683,19.688338501506358
12959829.0,-32.41417821573408,-4.640378725200238,1.6974669804286662
4566445.0,23.240576755478465,-51.177225822107246,-16.700649419591493
13336287.0,38.62072740236157,-25.030379893289698,-25.70858890937197
12635218.0,-7.333968469379704,-41.73575555843153,29.672652001484096
13058306.0,24.496679873449903,-3.01514565923073,17.465688482544714
7694029.0,48.25410072358494,-82.02030739877492,-1.6763903978418604
13087814.0,37.41617278243164,-47.44037105928404,21.034017321681844
13061729.0,26.405052104450757,-4.071744351686474,24.941127902062444
13339704.0,37.11551379501426,-41.86096093992915,-7.344380393326212
13356261.0,-35.753435180935035,-32.32387194867796,23.984240464228765
13060920.0,47.595275237929584,0.022070183851491176,13.861501788942824
10620766.0,14.020102494974138,-80.10914345797268,-14.772258864965062
13322975.0,-42.32183222885475,-30.963107866664593,18.827609879895054
12963247.0,-18.906460117070115,-21.668098883989487,6.974662652519583
13328485.0,52.02550361976384,13.737128052956084,24.855972483105525
12882280.0,-34.92233897730228,-12.536245989262929,3.0772230742708953
2946336.0,8.858338521088173,3.644818980588912,-14.575602420625895
13093008.0,18.867053637587386,-52.810468169492786,17.018294086406637
12647737.0,54.1830122679225,-17.660408449393515,16.07893819399318
12001488.0,23.377423581639206,0.19856167301532957,12.491979574896511
10321172.0,31.82660833059164,-36.51820341255761,-1.6895168203096755
12500181.0,-36.69504292366446,-24.466801119423707,9.885328044151251
11505609.0,-26.320816713576264,-4.055208381046079,-0.88706085225732
12332062.0,-38.25647030256597,-56.05737580318089,5.904509887150514
3025401.0,45.69389303850385,-34.29811923103369,-16.901806199546623
9205032.0,-2.249962045926365,16.13341173828859,16.92027548812987
8776312.0,-24.728104185616758,9.363671060465576,-5.82190420775743
12603367.0,1.679707304505415,-14.04363867913608,-27.165473564568277
12851962.0,11.862016458184497,-27.633665854513897,0.9556347865815549
13439541.0,24.936871041605826,-58.07042560071593,-25.88300588893365
12891167.0,-28.540497572906148,-1.2500350373587306,-6.909733342798422
12637815.0,2.2939544378029186,-5.706811867621475,-9.941720852867494
8381505.0,-40.29577499630746,7.453980920128869,-7.0032507814043665
12881972.0,-3.779027110332055,-11.130408552424338,-4.398855303824407
10671687.0,37.48380605065238,-3.5903996887222926,2.042278048894301
12920531.0,45.642649662923425,-4.291841007604135,6.708042525162415
12600065.0,1.7526210411263166,19.05334998180991,24.991258170162556
13376613.0,-4.492205311768588,-61.610125150869884,14.175495559842336
15533460.0,-13.044658015018664,-77.22989431772632,-13.818410881559464
13313541.0,38.76870423744014,16.663145654588263,25.284009846381963
12833568.0,42.5387515828887,-46.272879700790995,-11.290061431146547
2505242.0,13.067253269413762,-57.03391551016075,-25.44964240839026
9739445.0,53.598050884100125,-24.24703782165992,2.508176250649976
13313150.0,-34.72572099450799,-43.12329597273037,-19.737062280307345
10665677.0,37.19273275635199,-4.83935844330354,2.3358382389745627
13824172.0,-38.85612519212861,-26.772164061116925,10.55055328240864
8278613.0,47.06782041990277,-57.38136821924142,13.91818577769897
2655761.0,-38.16699474334076,-9.211024583962432,1.2912463148975526
13130229.0,4.903523312139809,-13.354356676640354,12.259388941170164
13391545.0,38.88354444159637,-59.54817045024442,21.567811525316046
13831493.0,42.488917963958144,11.926031321222911,-28.045175025549817
11132528.0,19.575514756941054,-50.97118610272409,-14.567017154384464
13089531.0,30.515633500559588,-58.1423245578579,10.439494522051767
12888403.0,46.2475003985275,-33.98714993466936,-6.4292699070381865
10740104.0,20.75565560341193,-51.218796579537134,-17.325141419938213
13030404.0,5.6047790547298275,-13.716898940171472,-11.858842458613035
2520299.0,-37.93819639461226,-32.89455842394716,17.651681135782052
13018340.0,-29.27269956254719,-3.3324699079640667,-4.160098246284219
12843312.0,42.34225111322639,-28.378598426524047,-8.317075893222448
12575320.0,-31.34437184207081,-46.771743184939325,12.920632906436417
12860009.0,37.80672918676199,-23.877279750017962,4.374932921719317
13149432.0,60.86742394683963,-28.046071111340286,-17.23797898959848
13321417.0,48.985677765784914,-35.85289057801193,22.810451368039182
13113357.0,40.28939270020601,-71.30393627100825,8.836148458644224
12860997.0,-27.388893487030302,-56.27467711162559,-23.03743319101472
12999171.0,39.73138531201739,-8.964427654794697,-17.928384457969855
13139216.0,1.2836896973212137,-61.24207850961635,5.397665611140469
13321670.0,43.576276582927186,-0.5696609628134448,-16.858961549973333
12732619.0,-34.76687723710367,-29.49679426473986,5.946412237495386
13388432.0,33.37176392471877,-51.83161124634577,23.57264366779595
12793554.0,5.460022194617087,5.923040170719663,26.893366770622762
63431.0,-22.81561858613706,-2.6188535938493196,5.963545636359406
13112354.0,-18.722155354114648,-29.30613013678696,0.07867353487249651
13049461.0,23.36831128034423,-0.10697606897258805,24.761000610915893
13627068.0,35.494218292320504,-60.627870168745446,-4.422745248621441
8413599.0,-23.979105327992297,-77.25190057358338,-25.141113663059905
13343240.0,41.552234211391344,-33.600779928765206,16.683205469815555
13919266.0,-25.143430154805962,-2.215656378305714,7.608726297234707
12113388.0,-27.490912193720344,-4.663032521875241,2.497071333147034
2318347.0,13.68924288605532,-73.66226843357292,-21.688254926074542
13000010.0,-28.004056476774455,-34.326306354879804,9.097171028573248
13116233.0,5.865694828034883,13.861849066363359,0.9696366519676564
12531713.0,-34.39116876136557,3.780214957784065,8.923676014382243
12615573.0,-6.871406988286929,-2.0536908847513917,18.985114589235536
11994007.0,-9.143544727961803,-58.29788309214015,6.893435417104905
12865653.0,-12.430754253223352,-6.434027514511212,0.38641976609341866
12453217.0,-30.701778654192598,-14.72831872399484,3.589785553664507
8334850.0,1.6946697220820983,-81.07604585387739,-9.42619008576069
12600561.0,-7.744363988070025,-19.21203688780806,-29.16481074957354
13074219.0,-33.85763173489887,-35.61176031230331,7.703960433649012
13021960.0,4.474631969354076,15.713412244552787,24.78166965495614
12470924.0,27.77349991671664,-41.91701956522897,-28.578611502387005
12403612.0,38.000304661181076,-71.58601835824571,-0.26683610509303257
12557262.0,47.95118674302428,-39.79879546319091,-26.60015358497735
12025373.0,10.717156687376749,-73.95204026077707,-2.8484551825327014
13089897.0,53.189029242046026,0.5027720419564448,-16.053207569949013
13355465.0,15.823158726070265,-10.76388950360833,-1.3319457834849984
13750789.0,-8.535836282793198,-6.073369541470353,2.829818321789011
12964497.0,0.4814999482465847,3.3698543335077074,22.652638212478497
13027355.0,-21.69654073282244,16.394079030337473,-10.580091121702539
13150796.0,0.21101641306445088,-68.50127716008396,6.158838523333716
13309896.0,56.93257452148389,3.771520884966811,-4.112899027447195
13040352.0,47.795268256560675,1.7331666751275083,-17.979171321678486
12838051.0,59.27712478174796,12.560226606870742,-19.84130925684307
16193648.0,49.87395545033527,5.722533162299422,0.68731543907816
13111573.0,-18.919786237708543,-70.75203989120173,-19.99630516688109
12378861.0,8.319950787262728,-28.654246250964995,7.752433351738842
13344049.0,-27.273548301214806,-74.822456602105,11.482866514914164
12862673.0,29.073414022623,-28.76139687539941,-13.377059000653107
3467574.0,-34.333200436734856,-44.51903490740214,13.253173352836644
12990163.0,-38.13617383145358,-72.9153541739403,11.78087573148172
13776042.0,-35.66075690719448,-23.08786591635356,4.607173659648833
12389055.0,32.18069954300174,-8.342441318820036,3.5876846780528635
9571134.0,-32.39642449127723,-43.97925864659715,10.317811901422697
12885626.0,52.461530819380556,-73.77850222580425,26.849090786698476
8898548.0,45.50725104779449,-76.68751914830099,-0.9408116448914274
10379077.0,54.42215407224929,-40.384667135348245,-28.33903988204198
10660490.0,37.72440162541191,-4.985541188980632,2.3104890043734754
10254391.0,27.6582015652036,-54.87450837096876,6.267622974445569
13216325.0,-14.292453340875394,-1.8320944435916455,14.64304823989554
13095848.0,51.27826996920522,-52.41533144557595,1.549254003999712
12938884.0,2.859318588753122,-1.3685390095584644,20.10526544753913
9556291.0,-33.15031058408629,-46.47687722483987,11.18697856619774
8572323.0,30.793132995920633,-39.859579929061205,-2.320047315843354
9001485.0,10.234872828247848,-20.80310757343884,6.235435530738339
8310086.0,36.36032179453398,-64.62027574664347,-2.771212140378603
12946723.0,-20.480403819526906,-2.271924224487691,11.772820131771827
12567499.0,-37.516212844732614,4.2193464554126034,9.405975980659036
13141747.0,9.115121823771014,5.033220710884354,-14.0064268962954
13804428.0,-23.824683474295064,-56.21107957064724,26.185428034818557
12625547.0,-14.578437801117486,-80.80517108135466,-7.277666556385963
12493063.0,37.32297038385753,-39.16933774853005,18.4766044978073
12962926.0,44.260695648873195,-21.84125174270436,0.5907986102572504
12915725.0,53.319093383151106,-34.12873448513882,20.09014765269682
12974773.0,-37.79954990093957,-32.63108158078961,18.55749123988666
12874878.0,-24.371101552278617,-2.8432306464761794,9.646468215153035
13109930.0,43.143474024337955,-38.87581416385956,-10.470456155901243
9494431.0,-37.1862146787843,-8.005992300461095,-0.44617764127279935
2641094.0,-36.194233304023264,-9.929953611649205,-0.10092007458909391
12934481.0,13.028411354001184,-37.62251027310342,4.361537129094992
11889560.0,9.735526507389835,12.512414477357577,2.58809820179318
11869399.0,16.84297905245148,-30.571099171243283,29.20642549589067
13626221.0,35.17107138750103,-60.57314685077486,-4.408335540925243
13107163.0,33.83051143796893,8.191635508129016,-28.10228993388389
12796997.0,34.70103304889348,0.17154124754014038,0.8419216780482581
13103878.0,-27.251744628699484,-13.999641807053564,-16.929272336845834
13025043.0,-31.894191209220004,-70.01781442802859,11.244728711771648
12340867.0,27.914544029560997,7.478791675477205,-6.999760213735494
10836445.0,-15.162393246916603,-3.5374463040429913,4.238190422792356
13001773.0,54.72613835943493,-38.28263822768853,24.94218574011947
10704591.0,36.50143211081779,9.536823536970179,-0.8048600741020215
12965144.0,57.672614460890955,-47.50495777699947,-21.7812599266084
13146067.0,-31.537931992655977,-16.61535878628105,12.769929472730777
12601723.0,-0.9293181286793519,-61.466409619883066,5.375446010835203
12131891.0,38.88167440134419,-80.34953108550403,8.329493999702548
12647401.0,54.2854871134513,-16.859017595422756,15.257888366647812
12863464.0,57.05166964770344,-23.98614637860092,-13.986450678677606
13080613.0,18.089161555652563,-45.921209673040316,23.11154871776364
3068787.0,19.84744987456984,-67.69062688775934,-12.08400479997677
13114834.0,17.16597178927392,-82.83798065895061,-29.458333973150943
12567925.0,34.95480445910752,13.18018416154711,-12.76245555010189
12933612.0,14.863037812425134,-70.14468874700184,-28.925170388513287
13076546.0,43.477630710890736,-58.48471019593273,10.6523108978354
12811828.0,32.21556740218886,10.593012932482317,-4.835298599340037
13028483.0,43.81543313752409,10.906396653880797,-17.28553239868611
12541036.0,-25.860158252082766,11.35254031421459,24.680541204396874
12830570.0,-2.0038459557580968,-68.15697031318999,0.31977417504453776
12576850.0,-4.958215906974758,-79.77890091275071,-10.3979844572401
12876392.0,-32.51561108335326,14.689537979221873,15.555583022146845
13150405.0,11.15322016961919,15.898643443859749,17.172980446973543
14468398.0,4.947667534607528,8.181749382041714,1.2671395374672798
11616295.0,-8.819402393680932,-19.251053021884356,-28.610439936213655
12735485.0,27.61286668755375,-52.83052067551844,-12.50821032995512
13081114.0,35.311823836363594,-28.53875856811762,-29.431901924161284
12219466.0,47.81339494131365,-34.97308180239368,29.84674885895724
13038333.0,37.28511261549455,6.038608697398466,10.105464176983958
13020728.0,11.116985341140873,-84.21332838477869,-22.01813339484415
12731699.0,-35.356249845139615,-29.507076043274342,4.885060176885391
12848313.0,49.056597060205554,-73.05882468846013,5.94588590694099
12030950.0,-22.42292914405001,2.962872852260574,17.038293923765124
12835623.0,30.83863821658736,-81.2732216989185,-8.032957801455236
12605757.0,43.21024824557308,-13.652734262336388,-28.036678128679718
13309399.0,-31.416447620655006,-31.61628205342135,-13.222094309464993
11901632.0,57.509444160558715,-10.304728843803126,10.56385759043821
6620620.0,31.78563491162329,-53.56870198417313,25.527362939521726
12487613.0,-30.104208795088205,-33.41490271881961,-19.43174852727595
13129715.0,12.6324251860372,-38.80631487398967,0.09567322709685566
3086825.0,35.63545509599932,-52.07697490329311,8.754076505444322
8492504.0,48.07512877157782,15.172201657969111,-18.364505794226282
13082109.0,16.21781382501244,9.604336267900422,-13.212461777671903
13315989.0,-19.833240197184306,-36.38331764693606,-10.558933793898921
13051309.0,-5.970369090566212,-81.78805969506809,-28.1228989891288
11419698.0,8.233904211068277,-80.4509196739097,23.098809241089576
8689155.0,55.62678413155469,-2.0472362729001605,3.862068008502515
2.0,-30.77561052881446,-0.27115478939498083,7.105286521565208
12612174.0,-2.3195723122551843,0.8657355712184358,11.519637710719442
12813460.0,5.351284639399369,6.208306536251145,25.82638055288106
8477086.0,-11.17306302850814,12.76574208054376,-11.666809376949288
12885962.0,39.78861188224896,-24.458080272059675,9.50017910742185
2979099.0,58.483142414609205,-3.948125338308756,3.5578672159000932
12984513.0,36.4257361304113,-47.42272389389399,15.870728681019923
12937963.0,30.756903139312698,-56.16569597312845,29.327143308980023
82601.0,-23.401194472611724,-4.087938506278078,7.13962253706385
12924839.0,46.19057894357357,4.744728863446298,-19.842668360918015
12824075.0,58.975647488585295,-57.22862804070588,3.6102146204604004
13089176.0,-40.37654597379163,8.063107443762789,9.934241724844817
13097377.0,-24.93606608290606,-38.91136726340206,-29.582676727886206
11911803.0,-38.13674240722938,-11.027464609033617,-5.988772588697313
8310691.0,34.22299564147345,-53.35036947370122,-0.49567374311491363
13214973.0,-14.653062227463373,-1.4811113508100713,14.41424794294368
12892766.0,13.51199777294337,-5.388541544518737,-14.458385679290071
12976899.0,-31.184302563184854,-50.944061950742814,16.37375170616385
13079097.0,6.512347780010916,-28.901435878938667,-24.82549170006285
12901460.0,22.87478826850411,-81.75614559864933,-12.144491996340372
12622212.0,7.686398518151866,-51.694867033048936,-19.78843809299462
13088758.0,16.73303765573875,2.953246146538247,15.114818935199136
9330873.0,-34.2548917899778,-41.922664741662054,9.681604520768863
2413623.0,51.796494048635026,-68.20910237225054,8.914715187047655
11741265.0,39.26947029932387,-24.69745075383335,3.5964812141685485
13000324.0,5.38855976171879,-30.161788906050514,28.42210521030912
12855693.0,-5.256775933200726,-11.811401203458404,-18.933753145486072
12943730.0,-2.6820090828068874,1.3339373752451906,-26.278034151587097
12840064.0,4.658450540946438,-15.426435635693645,-21.814007375520266
13144295.0,12.235722736273777,-45.904733152145575,22.015773015213718
12978131.0,14.289738326246159,0.9179310529887361,28.2409387933756
13323716.0,-34.41272708365188,-26.117292277281972,5.274964015467614
13105947.0,36.22405785630731,-14.857802143654277,-10.59280608809462
12815462.0,20.077339191751275,-51.364566183982944,-4.013770746629116
8674114.0,-26.95156911645131,-3.1481906703291065,-0.5177223051340729
12904875.0,-34.44345587900835,6.190374527895615,0.02159637448407903
12619032.0,-3.046616481656451,-12.651595640645885,-29.209234971652165
13010848.0,4.85364496552674,-76.99637074838122,-9.035545333663636
13110519.0,48.637911722376145,-39.56796276216171,-9.649923374702926
11968189.0,40.164908350388785,-71.0119087476687,17.716117715479506
12008778.0,16.059695065809933,11.955047945646974,-25.538676999614903
12706837.0,59.42364753325729,-11.931528560178647,-1.0305764679216054
12878344.0,-35.8978915760867,-74.67734646532625,13.417465729179495
12929053.0,9.975876402736379,9.994816005135492,13.72738038687768
8412518.0,39.888904469692285,-77.42864871020704,25.737499838983716
13099528.0,-38.92934810204774,-52.2991682872188,11.45015705731705
11732682.0,40.092199954902725,-22.489806437025365,8.971735049422618
13801339.0,-0.5666122548274437,10.46006587439542,29.893226320315517
13029236.0,-14.516774591823513,-77.56436842166941,-12.317327616644477
8161078.0,-27.479794327213117,-3.9747041051099488,5.924898801445099
13009392.0,19.701789041091832,-82.02207805816751,-17.292682625876566
12949120.0,-12.415698383456773,-0.36242857967674136,1.2815059125746042
12933856.0,-33.90997667072677,-41.68457586756344,14.225381726334684
12614322.0,-12.854065079835793,9.466096422932099,1.7821759359937563
12457393.0,-40.13524918119911,-64.4064050165773,4.851069096244062
13058702.0,21.772677024371564,-19.597302115377907,-6.5262778786307365
13090288.0,30.866487595184548,-48.10893544281221,-2.010218096416404
9567313.0,-33.26172130388908,-48.426420238718585,11.296421615360163
12940140.0,44.391798663621906,-61.65330265786369,-28.49446352529554
12981585.0,11.213344178504311,-37.06963238265645,12.774039025501839
13025357.0,-33.90374047647419,-26.690996742052345,2.048293125990616
12922798.0,42.68682346674456,-20.652061865865072,20.520100907746183
9494880.0,-33.39410045442473,-6.040142503645918,0.9172110306122074
12868034.0,-25.322686268116566,-77.46596013892204,-25.865242925561972
12938331.0,-11.92424471976002,14.26752410755143,-12.792019314122651
50759.0,-32.745607093945374,0.6620357598217449,8.217174609709414
13026075.0,-36.60898341037847,-56.68840069826265,10.96481966145439
12513831.0,44.24270297857445,1.401446758305498,-2.720613054527835
13043998.0,41.1223590766136,-67.06532477509143,18.274813730522236
9484471.0,-36.32249468476233,-6.080651420740981,-3.367794297444014
2641413.0,-37.59461285184971,-9.636740296614471,-2.185138961581322
11815784.0,47.65350018202052,-4.258393517642435,8.899093277751962
12925674.0,15.868661709131953,9.445111879340166,-17.54917114691026
12051177.0,-19.15273614999429,-39.22935445974503,23.35057514629613
12234830.0,36.11315043437892,-40.71262482180612,12.517442324465598
2855723.0,-2.330569931173632,-71.29925276583285,-1.0927625047862586
12923496.0,48.78000397553457,-25.821498818476076,-8.477209517354064
12593477.0,7.630250613871809,-8.80898293685822,-6.045587303095716
11007880.0,47.777325413397804,-27.984791845048168,-8.82257493777982
12612477.0,61.842321648371254,-82.14930114819418,-28.137042394069468
12847645.0,30.7229202892417,-72.76081264015946,-21.315547093491478
13062553.0,-28.675065238036243,-37.990258778843256,19.316227668836785
12880322.0,40.21641685074259,-9.373860926473634,-24.344225342215672
12394215.0,18.104984807761102,-18.17318967079495,-1.6545389474077163
12825814.0,14.802511845712502,6.736500532177629,-26.969908170190028
13054996.0,-39.27926692682105,-35.757817308451294,10.746765463875157
12735032.0,27.599418525617875,-53.4353414498455,-13.399612105563047
13108969.0,54.72643863315712,-9.297889075536002,9.574351218747278
12911130.0,-27.477403302252807,0.5822513403841334,8.866025645048849
13033016.0,31.61369126393228,-45.57610867384747,-23.737865383073526
11498257.0,15.261295685674154,11.662947105075611,-25.368623120031653
12893944.0,-35.14988582597984,-45.85473138779591,20.38162675512577
12840942.0,33.88287401908844,2.350673797350612,5.661794551903952
12969207.0,3.454781482655136,-21.7906380810492,7.77703055406536
12978439.0,-23.362993563302098,-61.82293960523883,-2.2781378045591394
12350754.0,18.06918702689633,-55.50140477210436,-22.778525772160542
1696932.0,1.5110782389442212,-2.6288335426444944,-6.2721517087487415
12991732.0,-3.6384193594673326,11.588416514990747,-11.260206637303373
12728081.0,55.20506013801958,-61.338846837573215,13.075175499494625
8529273.0,53.77851500855292,-14.913744207450737,8.825177636377193
12255925.0,36.5087868309748,-12.827594339694508,14.70660716301185
9570670.0,-36.004090802842555,-46.12824649315292,13.99516952139294
12962624.0,52.72462340809626,-26.266074477061363,1.0236499966716694
12942616.0,-10.581311327901922,-4.961716693958304,1.7958460377040768
13376258.0,41.79949465231717,-14.823949416955358,9.767707157932023
13056960.0,48.39417010672987,-35.54310595429739,-21.899874728062308
12907861.0,9.451827407557671,7.684280037959071,-5.074082563198235
13083728.0,40.9297635821983,-46.31265817687873,27.332571049965917
13071385.0,23.327958200286446,-83.12941117828468,-12.675396272551362
6623024.0,32.16691149824172,-54.155633964658904,25.613336104780732
12812235.0,43.83670293700331,-34.324195403948885,-29.596632694022375
12804923.0,33.017779606926226,-52.023630699574646,0.14102870014673918
12971968.0,55.51460027928229,-43.676137448052245,-13.568066009101187
11223957.0,-28.651214458642496,2.2846841587115696,9.968619795063159
12906759.0,-1.0817201763513438,-10.493677399813993,-2.571713330303713
12765204.0,-28.953999902091308,16.97093190482658,10.091753398971704
12969579.0,44.132334547736676,7.885755568577226,-24.104033563477564
13011250.0,50.315630779019585,-37.950114913546415,-8.15334472731838
5958292.0,-28.095445481782697,-4.593171469813089,-2.0100936262485325
3118754.0,31.891423587289875,-36.70968256606198,-1.8063570808083256
11587721.0,43.95523955150141,-31.83534712518161,-11.28171961129808
1339741.0,37.823718555933375,-37.52282844913938,18.60670914654729
2962067.0,53.87258001442106,-80.15884713087016,-20.68723170091859
4529574.0,36.58841491694127,6.03236925559891,-0.3745353711410635
2422345.0,50.03206787257324,5.417246022990062,0.775631072073355
13072132.0,-0.31277549049180986,17.400129685807563,17.11993606876842
8335455.0,20.87167311084888,-43.178037019710786,-15.39274055915017
13035365.0,-25.69521659735199,-1.2706988315840033,11.906116074842515
12908248.0,43.01317787348831,-57.947094489054166,8.924881130383387
12899846.0,-39.62233764553711,-51.94587932512664,22.82660613034909
12572813.0,-8.283808325311517,10.177363842481105,-8.947364148159448
12973182.0,54.97351201573455,-68.01638273224407,11.664963525898637
12909622.0,15.61526970978462,-64.14098460277985,17.574399784546642
10624966.0,12.670673178778236,-79.87884896386505,-16.03992835309072
12834349.0,-16.663375824410288,-9.502232845113792,-20.624771087934942
3120546.0,-19.71492056392088,-71.29310094037739,-19.056967442641927
13057721.0,55.84964125563877,-49.24028062786714,-19.690206055230362
12598732.0,21.328955200553068,-9.884977241162373,4.342260308187363
12295752.0,33.94040316385788,-2.148987548842172,-29.7327260952966
12325967.0,-22.798402132176527,-1.7554363410870888,5.252678933797977
12275746.0,-34.687693567319776,-42.19413027658818,8.715527444529322
5305604.0,32.76723248259242,-54.29452931946972,-9.077331588971049
8457144.0,27.36461013329025,-50.5175286724742,25.800925871900276
13094351.0,-7.906548207973605,-74.58530709718062,20.961997963272204
13004154.0,37.19558616896818,-44.55244823143736,19.974197151139812
11760034.0,-9.16587536691525,-17.68930017346301,22.450420244467978
12862203.0,41.80207169551001,-3.644897051314198,7.6405657745319235
12259531.0,9.490899140817435,14.668177336533455,-11.751999691263954
13017633.0,39.70369364070949,8.562382328328372,12.007161391106674
12950604.0,-36.72639431460623,-19.825767353485837,4.838811830961827
10894867.0,1.0887414127795585,-61.96446906458702,13.664803721826559
12999602.0,-27.233446714271608,-59.56688204762539,0.8211033509043264
12992808.0,47.56070647657324,-42.6598293384808,-29.696896926720907
12950855.0,-28.71766970420245,5.6262996911863326,-8.134122107156793
2823428.0,3.7751972070506823,-1.7445462515487296,-7.653803545209748
12800880.0,2.6793696715053046,-75.64928935690361,-7.389695979292478
13664198.0,32.03121631355056,-21.1134049023299,1.8109071549854137
12879004.0,11.13792484225962,-48.61414317593352,0.7100039325706717
12446403.0,-38.33925090728226,-27.746533656378627,10.717497743597676
12896151.0,11.685006722988746,-4.823939163391282,25.718165917076572
11036795.0,-3.223381696488193,-42.51437186953042,14.501090579971809
12028333.0,27.102913879267735,0.5708835150582567,15.215204642429224
9471659.0,-34.62312437499975,-5.910235978360547,0.6311174220905569
13805771.0,-24.477738064612208,-56.010184864385344,26.197289358802138
9650535.0,17.588317125048796,3.3668982335352005,-22.92567956966116
13034889.0,16.44387818794796,7.477436191678453,-20.418773497101576
2768627.0,39.254390473865136,8.384046262203794,0.13209789593820354
12920078.0,-30.063288888056803,-23.355976672365284,5.347657731207935
8726864.0,14.852750433698478,-4.783280040512494,-10.704479515970293
13053690.0,-25.24896690899487,-25.135189528246496,-11.359067030848609
8504690.0,52.70683669215258,-71.79197568943496,8.483775912046836
11967680.0,-37.35141708461642,-73.63536862049477,26.109393442030697
13031061.0,28.170785859012472,-14.37094817439923,-1.603689770747713
8273412.0,-26.806417744833663,-54.50351812557397,23.005110490709033
11945975.0,-39.87031944506135,-32.599806266791155,7.404501589421338
12545661.0,11.001815739002682,-2.557849870871815,24.211672276984533
12852302.0,-10.952998228548976,0.6592746757754007,-1.5117508051089312
13049032.0,3.8150991325528447,15.28104456284725,1.0073313022560528
2297047.0,24.390013106546746,-32.69950035978157,22.250575873825422
12903429.0,-23.293695423605318,-15.862362865454337,-18.054168711086444
4456330.0,37.05251551402016,-5.462233359842994,1.8571341851795107
12484291.0,52.44964577614479,-2.603758474446179,-18.611796066231907
13006550.0,15.411951315297769,-46.09858799192958,16.49563413740633
13002355.0,-25.62041609022911,0.038109177138208716,13.025371420751025
9565394.0,-32.404186130384545,-46.58410420115853,11.10323359985304
12521608.0,14.985445642095161,-83.6170662775947,-13.05787301592012
12922337.0,47.07519001509772,-64.49427285919751,-6.060191899056743
11647191.0,24.462972389138017,-19.185812598594193,29.47325821555031
11231012.0,-37.29169096125368,-78.69804130378385,26.435399240005417
12410834.0,41.938396275748076,15.292041057720738,18.93624256108771
2502301.0,25.637124749541815,-0.7770489852790213,9.134429249376723
12849700.0,40.02185237055194,-17.218367333553488,27.965393434728817
12202542.0,44.438312237595355,-0.3674590393848825,-1.456781791772137
3006612.0,37.79355211355839,-82.74006627033467,-23.482328469648337
9687893.0,24.488393369713837,1.7826193702520896,29.07224741597527
12622540.0,49.47272342634141,-22.971766656095994,26.06598708786718
12845671.0,19.763802590933622,17.674312809976236,20.322364943513225
12994616.0,2.829877452872731,4.162582804493185,23.673414266764595
12131216.0,38.83032282368575,-80.04186260735808,8.377509978622014
13065974.0,41.25768684489351,-65.71256298855332,18.533217343636686
8919859.0,-16.19701351697807,-48.622754778059935,12.087828993245045
9492779.0,-33.813215769212455,-4.834199473659353,1.329590388531459
8656808.0,15.302677852223402,-34.284050835135716,7.9194646263254125
12814245.0,-13.025112475697831,-1.262689673399224,-0.9890568353001643
13052998.0,32.49512297373531,-5.947912453713246,14.472688258708047
12608086.0,-12.047360872413316,-59.73841296857885,20.67730988060584
13669243.0,19.176782517243616,3.3067626852090717,-19.608134100949705
12962194.0,52.13476346344524,-46.64396306147676,27.240417061454348
12865220.0,-38.97113454733326,-77.35132949944101,12.361478820801711
8710929.0,12.881265214096933,1.893543916575733,16.89112825170517
12604156.0,-6.809674796845803,-72.51597285424599,12.441944205265454
12823182.0,36.531323153907685,-7.153171090603077,25.530626527629565
12837262.0,40.211294241442424,-65.90786001913897,19.799960277433534
12396055.0,47.293085412840306,-19.760292005829594,2.786141938810578
12996784.0,-31.149003068981955,-60.44474252956197,-24.74580347824682
12327547.0,-36.497267349151485,-42.352487299394596,20.19633750510878
12631770.0,2.2581054048960185,-7.0733369521096305,-4.245967601035976
9470683.0,-34.188565956886414,-5.780628950505195,0.638261243893659
12824441.0,42.9903214792288,-37.76067949721945,-4.502496607153194
13797538.0,-24.94418870093171,1.2053522302818562,14.95332229284344
12834848.0,17.9362395770819,-0.673903730897166,-16.930015842892978
13104343.0,-17.659082899181893,-78.00250677867145,-8.514985409354836
12821575.0,-35.998150270051404,-76.3966469634281,12.45417031646203
12973969.0,40.06005644655975,-12.049735163607142,-15.96536451412615
12290713.0,2.265985541054783,-68.08845367092921,13.425813027925415
9569905.0,-32.69464101552208,-47.23282717033358,11.846451101615108
3459356.0,-33.10718367928481,-44.72995017370949,9.65131828731559
8146111.0,-31.32990638113397,0.10150607381247578,7.873835871050886
12748217.0,45.811542872999205,-37.840526178860166,-14.875376460485349
12948231.0,0.049378172139509235,7.498548553398647,26.528875364901204
12866540.0,4.795951853895987,-74.20825650967481,2.9175870854999264
9279366.0,34.444140755992436,-39.75916212166326,-4.632611586933525
12549733.0,-20.101736684149113,9.352688167150236,-6.572022762422923
12982624.0,-23.622904667707108,10.693122619521978,-8.300178953862225
12657292.0,-37.495086181375946,-22.18753972272685,8.909468148509585
12908557.0,12.45717759362615,1.325240512876375,27.64298781217875
12881221.0,-22.73585666440274,-67.87334522489016,25.13609741942841
12849067.0,33.175428822566964,6.287059751923776,-10.104060985348028
12516272.0,-39.08271769657626,-78.21559164874681,29.572710985831613
10613617.0,13.895068065836295,-79.95410892149958,-15.190272127315323
13007901.0,31.39325698399861,-62.263928009969774,-6.243156991044875
9090924.0,8.096503843183765,-17.704072152704867,5.938629356285686
16033864.0,32.85097572846992,7.050670751717805,-29.546486417614485
9560556.0,-32.66394039372967,-46.18752882039305,11.25157512908456
13021025.0,11.717853592041491,12.589555842636988,26.529904604646585
12578702.0,-4.992937732241825,15.210134418684959,-9.96610955869481
12806573.0,46.45337660283801,-15.886924947343042,-29.55070322586094
12521272.0,6.860355894147652,-16.433412063951543,6.2375311613391435
11678533.0,-11.073528432741188,-11.712387190914454,-26.827899913597726
12609703.0,6.557856675162377,-43.14396013293759,15.300759998824658
12198852.0,-19.122906850572694,-3.377412744692789,3.7242549782102996
8350686.0,38.76342716306425,19.17096659512123,27.18752040850958
12988091.0,58.32214480068729,-13.397988246189946,-8.196555004654286
12037622.0,7.041882447553767,-78.84569721161346,-13.33605743381682
12547650.0,-31.991786422627,-54.6724963387922,15.221632677743063
12464991.0,17.111747109683474,4.982526722611428,7.911780819774922
13632.0,-23.690908080958458,-1.6548120608922858,6.622867205743529
12998777.0,33.890370769486445,-40.698306674954146,4.476494672269855
12825153.0,-25.022971212190456,-42.33018847819352,11.940330102307273
11431532.0,47.990954913860016,-37.00599552800914,-27.93067700012606
12325261.0,-33.312007727292915,-60.31955646170506,21.259533254902365
13734054.0,53.29088929471925,-36.71604497814657,24.970267518417515
12625142.0,55.881011517899225,-60.512575763523586,14.208837318724987
12919657.0,18.521554301126127,-77.96919231638174,-28.83380384718518
11023503.0,60.106606674403324,-27.179589780213355,-11.595517813814986
12916115.0,-8.470843247730016,-14.99625411578949,21.977014526430047
12390626.0,-15.652052684257436,-2.1775180546086843,0.7400526752388648
12820736.0,-35.16834834777539,-12.288126070060613,-9.32918025280442
12220224.0,55.38639574703216,-9.481535998998446,10.905598140870481
10097256.0,16.18267553160017,-35.23857129276795,-22.534658089460493
11163514.0,16.685757210516602,-35.8710017299483,-21.641717386388052
12926097.0,45.56190889388428,-39.759021057174955,16.53389026957818
9491218.0,-34.19844207395857,-6.443708656620757,-0.6523049439831543
13049798.0,7.562612598445777,-52.96427206565811,-12.184553418181945
12894710.0,15.283621444911496,-43.787315105237276,-10.436306604790985
12444665.0,32.179895430976096,-10.204088655406403,-24.359118533600537
10670984.0,37.66272451253261,-6.228528731714653,1.3680489086432974
12890074.0,-32.8549350057915,-16.912970951604223,4.008381759929771
8456338.0,35.391412184932406,-16.735624296099505,28.080581077926702
12861775.0,51.93061235456421,13.316959484582338,23.635900900394265
12808204.0,53.0078789136393,-27.00666741276273,22.05950949619531
13013898.0,-0.6518713729944112,-43.260811596135866,-11.479702748370713
12817425.0,41.02292291933065,-55.783502503774336,18.197241911756635
12958900.0,-5.045646651309193,13.453921768696194,-6.520915386618117
8343103.0,22.70427905351394,-0.009776252721845236,18.25208552746184
12013650.0,-36.499521028846566,6.38856408529103,-7.642653411118353
11588290.0,-0.05319704571141948,-73.8640191579955,-29.643243819203768
12043616.0,-22.907281491349718,1.9587994919500613,15.45313409877301
12965595.0,-23.46889835519297,-39.087925872049446,-18.88452392402274
8437402.0,38.36761557770777,-23.67113741182861,22.991210261634073
12806105.0,45.87449800962937,-54.9909520116976,-2.901223813996692
12792998.0,-19.028364526779058,-41.70704013542256,15.945077136954753
10736341.0,22.793766955939965,-51.2441772816424,-17.475564673984827
12985644.0,1.6950351594515864,-5.35846350718354,-9.415878632397966
12983262.0,14.30810458357191,-2.803173199975664,-24.897555963698046
11775091.0,2.388695095623263,12.507221615995876,28.280975448589498
12588029.0,-21.04918145439033,-10.323797525653884,-23.1463323941953
12981948.0,-2.233508688509488,-0.21403741710601287,12.985254934353444
12501756.0,-1.180010907099816,15.282769936908995,-6.422257360256536
10735088.0,19.863516011978174,-50.826268904817596,-16.813732539153296
12830173.0,-8.117872450519771,-23.003190988635424,27.745004472895523
9474587.0,-33.44632966967445,-6.935480389375059,0.21090100102526588
12988841.0,37.98322616360093,-9.544904657299895,-24.14213625416597
1732243.0,20.165697299957976,1.9075762119473318,27.748306196640065
13015034.0,-5.988339375200814,-6.546010111738629,11.052891114547979
12493320.0,40.56191104157173,-71.76043583821853,-0.8576787373156911
12845978.0,-23.52450956148096,-38.91386097532542,12.082729614472806
12543440.0,56.04484181965293,-19.203844478960374,17.220012610836854
12814588.0,23.054267377349486,-42.78933769195212,-4.1714608338751775
12496846.0,47.879936085739004,-65.04858988610371,-6.098501323396702
12852708.0,-28.357554592267697,-15.778892572033152,-24.221680933860803
12729223.0,54.101637215363596,-60.88789756094576,13.262763028705637
12559844.0,53.56269575500458,-11.421944914787815,-14.168054494472239
8830489.0,-8.59096308757551,14.59186262658712,-12.523719574376063
12926666.0,3.5500220811999554,-66.7992244010294,-2.5750464649771976
12843685.0,-34.615085829749795,-22.794788430299352,-1.566905310970085
12671616.0,22.597091503507436,0.02715461074799741,19.955064347920562
2494988.0,15.670034446176219,-46.43875308303787,18.497031748011793
13001341.0,27.264996835426963,7.154894174930153,-8.239403536339617
11672430.0,11.464292097495784,-46.969049718742745,-0.4018959534616684
12822755.0,-16.884229982388305,-4.103781535102803,12.124652400439466
12402832.0,12.85173132777308,-80.45510910778746,-18.436657252209848
12998066.0,-21.833623519340044,-45.69600365466061,21.27815996648897
12496312.0,-41.3794623831144,-20.01976771735842,7.309495238737291
12615986.0,-39.76410924532907,-81.25633408711619,2.6041398779933242
20752414.0,44.81242570309557,-48.15080513841197,-26.729998062043627
12025763.0,12.252920019605138,15.063751252213505,7.713170560756428
12949885.0,42.35139441377838,-59.64654054130505,-3.4108501774566236
11111366.0,-10.289370945461348,14.357330790301232,7.090734454345845
13294646.0,-23.72534689239498,-2.691648433196005,1.1836929630199196
12975513.0,39.43371501726918,5.517149905951413,1.08922802111698
8502931.0,44.04819875393231,-74.67329670521173,-0.6619424866279147
12437583.0,20.40045324864319,-52.510203149096796,-18.76338091929146
12898113.0,29.111365594594105,-61.049178079428955,-11.971769560732723
11539242.0,-7.612225207446114,-2.4953675255503622,16.6932652875834
12461314.0,-21.446163840484914,-0.6847275258813674,10.142664959586567
12540094.0,-9.157883877438275,14.430241175901205,4.9627007005646195
12810944.0,-13.57720342866112,10.169554783244775,24.113646367920996
12829775.0,-20.048300289445557,-3.826124857704703,14.043910786690759
10757005.0,33.716224726616616,-55.365586920591646,-9.48304443673764
12807194.0,-9.654467157549186,-2.845007189794783,3.193239158807793
13292965.0,-5.007846862807546,-6.991007590210425,0.6283756366555198
11266510.0,48.02617594261977,-73.66959601896608,4.0444797403812895
9487818.0,-37.47993713369676,-8.047865536819828,-0.07366563950629379
12417408.0,-1.9108275521131304,-8.239510428032567,0.9219803396457789
12591032.0,24.126305676712057,-25.22257685131857,-22.57505633484149
12455591.0,43.95537869887199,10.859078199225246,17.318182094725042
12629704.0,14.64151210299664,-64.22776350488395,21.83519151047625
2083429.0,-10.21896970385461,11.141153414553365,20.599217245069664
12404808.0,48.15569070259001,-63.05726383671797,-22.81607644687233
12020160.0,0.13335063982041717,-76.71838386366608,-6.284098079279125
8757428.0,10.223666812056646,-74.99707804397183,-23.493733596256114
12872133.0,30.249949929663007,-20.285596916457422,1.3369659144208712
12571044.0,19.220889460003246,6.841142097302241,-1.1863402399106167
12870742.0,-32.911716694013414,-37.42122959231462,8.006021868490128
8644874.0,9.95353336574878,-73.90648064106631,-1.645809677344376
12289880.0,-4.09497708109282,-11.435765944561558,-12.98288837530575
12793991.0,0.3719488893866001,-50.72602159968983,-25.37672619745656
12868537.0,-4.5434604123957385,14.935923820798516,-12.255781888054347
9207036.0,-35.90497799582322,-77.14075958048693,12.746913554908506
12512262.0,17.532376959334755,-63.70446423713832,22.715712515615877
12033036.0,-12.871517492126442,-2.428334778010844,3.0636622939570937
12232782.0,-8.311301092088678,-16.08142923498303,-29.918665448545003
12349597.0,57.29488057125949,-23.75831485383337,-14.245445306940642
11843005.0,-20.503354421297548,-11.702217795886968,-26.388331100147646
2821522.0,-9.856402126027549,-39.57414326712281,26.104459543413313
2885114.0,31.503461217778753,-10.861045453492334,-2.1210184456725942
12197811.0,10.944510999812216,-70.36293297502044,-27.371204564969794
10981315.0,-34.72152648562655,-33.3483973608821,5.971892202490927
12444246.0,19.00116919137195,-55.856728114244085,-28.275768388634297
8447688.0,28.76100926544109,0.44725106025938244,9.709928962331809
12339462.0,42.634765880290544,-35.50602144517114,-2.871803731896355
12474247.0,-13.104449095973342,-72.85426906152766,-23.282749289152903
13034533.0,57.45856922856187,-52.27008903804707,11.411763558348033
12863035.0,16.52394830381055,-71.20146219079787,-7.561488695491919
12548759.0,-27.310270515496445,0.9674839546685239,26.576556671806845
12864786.0,-10.878141666009752,-41.092134424910405,21.875982625116063
12279332.0,-38.36280993674619,-28.2918182263226,10.868678191640296
8819379.0,-20.600691417595865,13.778637952308099,13.420761400900105
12463230.0,-27.650221877348663,0.7596468999011212,27.64252849554115
12892111.0,-2.765185944661037,-82.11788359538637,-4.005643613792193
12946285.0,21.190528857131582,-4.280390963225441,-26.421659559534252
12542240.0,20.621885154828373,-67.4123924542155,-19.21647949727717
13000945.0,26.122002235985917,2.461178744720395,0.9551229377083197
12568151.0,45.525332456660635,15.202866173077958,-16.23118086412941
12580634.0,10.650604464702637,4.687559277504738,-16.6898971945949
12803368.0,42.787945150066264,0.9607906868412313,-13.03625822678322
8155250.0,-24.170085130899082,-2.0190379109730245,7.153467164426303
12900525.0,14.705173956912887,-40.88149524891185,1.3916002315643832
12366714.0,2.1227885026681115,-75.95694615016485,-7.261547263382845
11648156.0,-34.38535827764559,-8.495052371868214,-17.36258220721703
11028698.0,50.85531055537029,-36.93181380406875,-6.860912075643412
12511482.0,45.68387361801194,-38.31187653361256,-16.804941552802994
12893121.0,54.89284732027235,-75.10482712928426,-11.248018366021359
12837687.0,15.172356679991426,-45.72970021994576,-11.104629241094884
12707446.0,-39.12995318309033,-11.714098520522501,-12.846866315823462
12630826.0,29.20236127227247,-64.881431564301,26.001482434831182
13032645.0,20.89459705354337,-76.7396878523683,-13.053569952958867
12249774.0,-33.25925964869113,-43.761423865788444,17.145388761499177
12861316.0,17.66108263253568,16.324133975186218,8.914660787347616
12601348.0,39.806292863093,-57.067848047746814,-18.937330731779504
11745716.0,-39.470269031376276,-5.766379268935569,-5.219830357412161
12903058.0,44.20116465796148,1.1287902505925738,-17.697199868019332
12582814.0,55.304952012142714,-16.48686311565089,-20.028189505744837
12083328.0,25.43372594094827,-9.655739144147635,-5.893318141511921
12941191.0,-21.760849570902096,-18.89030970428452,4.209143367777247
12321177.0,-8.72174204896987,-10.182622116247087,-16.601858998844175
11980903.0,41.76028642354681,11.49319573695776,-29.025155250601134
4470670.0,37.153042881524705,-5.397978065673299,2.75546086726892
12555243.0,21.91314984604482,-60.674763854822416,22.761749305837608
12007919.0,9.478743071907415,-62.86151713571641,13.541063802257826
12852990.0,59.089039713121586,-27.373566873005604,-20.575136139521486
12868957.0,3.6878437655702707,-13.823323110206273,-4.553778763725481
12283437.0,23.034850837374467,-51.58200384165418,-22.58834488323097
12859584.0,24.84404534457908,-35.12177438370214,26.832550678122026
9490150.0,-37.20469046695394,-8.238366376616941,-0.20676903998774465
12867671.0,57.38418871410457,-59.04895340544339,-12.662996971378583
12853579.0,54.2116193817398,-79.23395843389578,-21.582005330387247
12536544.0,-22.31023583128343,-54.37977007771903,29.857555166881603
12857804.0,-33.04682448706272,-43.393781603586476,17.646829405090408
10627385.0,14.376820719393905,-81.30453113285584,-13.494513394421432
7692118.0,48.09787686272974,-81.31016816234329,-1.0638446996110655
10368884.0,12.77080028230715,-5.445084740130823,-14.57335639704699
12529223.0,-31.787853873894424,-55.47114766023443,21.024715998290425
12798245.0,25.774451303422484,-30.310417543165777,0.49052556134397474
12947807.0,-38.66782594532614,-17.030877492454177,-9.030486667051719
12438808.0,0.06312949306143975,-57.58705079210995,5.780539502658744
12514089.0,-34.52232070189853,17.244239994815757,9.173535843492667
8154304.0,-30.220539303146673,-0.40665038963566325,7.2409648785241405
3549000.0,13.794420759219312,-81.30068563299514,-14.244284787277856
12298934.0,-29.38992348491294,15.149442177888295,10.405854227119695
11622124.0,-31.537054479479607,-41.08122563997253,0.11696574113411762
12844031.0,50.514601528959496,-19.53747813306262,5.790947426550334
12832422.0,26.870452761444035,-39.68558112585594,23.12253743310226
12884907.0,14.915486269125608,-46.831505345281364,21.193537503613335
12549208.0,-22.543166440669278,-73.86118422789815,-7.28968935566427
12910033.0,41.76943471176438,11.359226534908565,6.657110662365797
8663518.0,32.5673696354808,-81.33526588103771,0.7651291118796752
1761924.0,-9.82315766022429,9.893697346210603,-8.618664917064772
12815912.0,-26.9960577684977,-14.693384630257363,-19.708549324495205
12242999.0,-34.9188229212978,-10.60522423676509,-17.458823317777416
12932776.0,40.48063833623369,-58.08251317827288,19.398439303414236
12508073.0,24.411315806981065,-47.666505020814284,24.515035302864263
12400248.0,-10.904768205976104,-8.801381673002648,-26.06366793074491
12644185.0,17.531143033577685,-41.7695367344811,0.4535022514129201
12217822.0,54.26649521066083,-41.987778673622365,-3.119163853114271
12836003.0,39.998201330006445,-77.73324854770125,11.536181302453903
11812449.0,37.93023207143725,10.344768730910669,-0.0109027259892307
12874393.0,-21.363257993205096,-48.67557387284606,-23.351299150848146
12838425.0,29.031074701054983,0.17925920183574495,5.547764511457801
12911976.0,-30.78484822986881,-70.97964758750531,9.940588119542326
12415736.0,-31.36331953315427,-45.648904793531656,27.41025167610851
8785216.0,20.951492565785788,-51.616339355912444,-26.313029211396337
10623314.0,13.354775583507074,-79.06407928418385,-14.124023680646289
13255284.0,37.37429252082294,-17.740339775502008,26.357944204672016
11184804.0,49.31776968385141,-17.127286584994106,10.551982114791034
10624028.0,14.187887303350035,-78.97739616598405,-15.597533809477945
8343543.0,55.138575816744215,10.337498839366392,21.73417229275137
12563610.0,0.17705911151956102,-54.417651723802415,7.1700184555638655
12802502.0,-29.62394689480305,-80.7476151984659,2.6056262042660823
12507206.0,17.811625561224396,1.010506997545434,15.7454557738636
12129529.0,38.892915002069174,-80.19772624889913,7.444300768976787
12132448.0,38.96695695330441,-79.34206182123903,6.693873819418437
12312514.0,23.404859194438707,-67.09641269538866,-9.734204891214036
12842440.0,11.076470463120573,-59.80799336637796,-28.180781970016824
8527325.0,33.73712235156832,-51.49485563841731,2.6230801374738943
12629218.0,10.219925226432794,-15.86301459381863,-17.08189205097027
12381255.0,28.348825464280218,5.577596518253099,-7.965732583925657
8153608.0,-29.19659516628884,-1.2702174981885757,7.349646283930271
12516692.0,51.17263241430409,-53.88072241389622,-24.34200717660071
12592484.0,-38.909689530853676,-3.885117346793739,4.247726023610993
8634784.0,52.33216624067409,-80.25439200343651,-19.09533704872171
8610665.0,35.56004790827758,-59.34790675069839,-5.8550587763932995
12268454.0,30.894609958066305,-42.04369156042217,-1.7997642252970305
12593819.0,36.178810539340155,-46.18344410768417,-29.75446723104072
8434937.0,40.21604879391035,-70.37554079879433,10.920377750312
11897938.0,-27.140658902823535,-77.849667794266,-13.420813729445948
12918786.0,-19.786121034587016,-73.68417182906573,0.5307198495062995
12880059.0,44.855720703387426,-74.45424893341459,-8.261399949285622
12256923.0,47.55100723492833,14.401059846102365,-20.658219182669363
12277057.0,-0.3246821284079204,-59.54207993717993,5.519140465089207
12270590.0,-35.65110829898819,-69.78728145520748,-18.073661237371365
12286815.0,21.446694714995456,-49.45149558906391,-15.88897625529029
12813041.0,-6.499897326937795,11.387832512689627,-8.717205640120127
12527941.0,25.438072389174987,-19.922387745218515,-5.804243078575548
12841681.0,47.66205399203516,-34.05004435839206,20.330612355730764
9242749.0,30.33456648820414,-52.01820978606409,-14.55404841412468
2848477.0,42.51448607331074,-81.28180991523885,-21.080102837223073
13878027.0,-36.174611301574735,-14.25487560340142,0.3462945397551209
12941628.0,0.4991996267027191,-54.92089070570591,11.755258387787066
12497227.0,21.010976248866562,5.601965289029502,-16.768793450877403
12338888.0,54.13869089992701,11.51597777225608,22.573863259688995
12844738.0,56.33854942917362,-79.46386050371706,1.7449380755736694
12456331.0,-3.9882956009177226,-56.065608833534554,7.704200688869875
12585833.0,47.2201340100538,-44.52830035028034,-10.16266511372896
12572486.0,47.55915071589213,-72.17906817849223,-5.393162833295268
12620681.0,-14.927490593774916,-4.149374271358965,9.334876657899297
12307905.0,28.717201764330834,-34.067375582762104,-0.42318801328716305
10701170.0,36.06428021428568,7.863575216395506,1.3477048650467236
12344342.0,25.677575475806076,-35.787701186022105,0.15492200608827034
8417091.0,42.9454272874225,-22.67235699558717,13.258314262840331
12592093.0,-35.02009588451391,-28.434658660777565,2.5593504602769532
12502053.0,33.7914296697959,-52.03690625742918,3.4542812546054797
12927835.0,-39.02945461744078,13.843079889602183,2.1722629939044156
8941210.0,-38.46109820780029,-22.062737232918096,-6.716650897897021
12447076.0,-35.98988505046632,-16.701766786857785,-3.446464158477073
12298565.0,19.04829750266981,19.215186009860428,20.458285337366505
12505447.0,21.281405496898206,-52.39757746037745,-25.000710435128255
12512627.0,6.136137087776403,12.51241621392943,-1.196877750451805
12894296.0,8.477601105399213,-15.103980026077956,-16.757621928835512
12801314.0,-21.26446644293984,-53.83928827507324,22.129602990260793
10738667.0,23.785404603987956,-51.276665038933764,-16.958774821715032
11832630.0,17.748176362578974,-75.18213449774197,-14.495863356169444
11882819.0,56.762702683966616,-11.162521904330859,10.942804636296213
12812603.0,-28.05448289496873,-7.77277580833952,-22.14530066284973
8119056.0,-25.97229365547642,-3.510971758989055,5.840576833876622
11833929.0,-20.543159398449575,-42.98380766374433,18.213060371530755
11818713.0,-39.81337049706345,-9.985045724881736,0.7963668851976768
12445395.0,-17.75269563660438,-22.21256479512676,-24.628528872848374
11358103.0,-37.36672844414057,-11.60724229010344,0.885417965457318
12491056.0,-39.12345316540301,-20.236543851812502,-9.753943360719301
12411564.0,14.64776301604233,-62.652951093190914,19.629994444303335
10756039.0,33.35983915123995,-55.74891376638164,-8.899810411402918
12340376.0,38.68218338424476,-13.905224169574861,3.8421982623583806
8765735.0,39.33051139254954,-1.2340041885375987,2.4382993885994764
12628008.0,40.006729255999645,-77.73441369990778,18.790900268092027
8289704.0,36.698026728214316,-52.332917173218405,20.537018091640462
12827163.0,23.111035538268172,-4.805940417976069,7.549057144530886
8521783.0,13.490331701756002,-56.54315025174468,-25.452515836416588
13303313.0,27.790407334929224,-16.990548841988602,-25.738151732846777
12085815.0,-1.095705273721095,-70.8642104911573,5.829695062853266
9926407.0,-29.927971863307697,-5.046113988870763,-0.70921347460559
12918272.0,-18.07722414528789,-45.600996712257086,-25.397390310302463
12587563.0,0.4060460000741708,6.855736226725883,26.681932258224947
12008343.0,-20.705326722505788,-45.273575728147684,5.882704698786443
9568004.0,-34.18186372722247,-45.76116752443576,9.752084733164793
12558660.0,16.961030062881896,-43.463089493779115,-2.3759285941223682
11999443.0,50.69347418450658,-15.06989155521544,-22.869866091036243
12560175.0,-23.013353166266135,14.731781975780255,-9.503403872380588
10996914.0,31.893309263152783,3.0527533920471956,10.671756502714995
12880744.0,46.639602473251955,-68.62255219831789,23.00386788968588
8145430.0,-32.846305790188126,1.0184966475643311,8.39003277576696
11806763.0,14.220059040458715,-83.93864049812599,-29.00180241175614
12606458.0,-24.393356404645566,-50.26982525893021,-0.7375971660202789
8159186.0,-26.92870024057069,-4.763357677622898,4.850296607812826
12607264.0,-2.843058766083475,-69.82700628457218,0.1679824362134168
11595198.0,23.23526949710246,-46.65223780826235,23.90216597356067
12932357.0,42.08274206235333,-18.84847923576766,-10.468756635756723
12850021.0,14.944448311637448,-54.15403837943658,-7.1706353966303285
12469855.0,-36.73347212911335,-52.50701025857673,27.51204038729445
12809367.0,54.99644031497187,13.591995891307267,-1.5265331619987936
11686296.0,-15.147109786993537,14.019681061522844,12.135481502709453
12540549.0,0.8755383276935631,15.774889836850054,-17.04238952206146
3024776.0,52.29096058458386,-60.25646807649685,13.390140897139284
8163812.0,-25.01990903861568,-1.8368700389029011,5.664170026693294
12476951.0,44.61292490168048,-84.20336705998459,-18.038662213493676
12271391.0,53.711501589583726,-40.13534526819134,-27.456885653871158
9491685.0,-34.85837716102782,-5.354416283867287,-1.3456852500900252
12871180.0,19.041283552549444,-26.433262704852606,28.712388456886032
12605063.0,11.132495162539591,-26.16083686105444,-17.15812510333914
11743742.0,52.389697722205355,-70.01731242868796,10.371277122952293
10701959.0,36.202136168909604,8.753812350716045,-1.0821829564957635
12847237.0,55.274529720328474,-40.91596206225547,-1.8106598329175085
12886432.0,39.60395649334427,12.898309500520382,-22.689652159078285
12981143.0,30.151060392153965,18.680714526202756,26.334478841970924
12857054.0,4.548561860805202,0.270402194087523,-8.664669880211662
12907449.0,27.508380240616813,-27.65141276813633,-26.36638849320147
12466849.0,32.22502682710112,9.413581003694402,-23.111766667043522
12535002.0,-3.785305671262202,-12.758069806379034,23.557835965735244
12842909.0,-41.715506307069376,-15.460533692381581,9.072889607424683
11400744.0,-33.559920489942265,-33.527362710036456,6.405684207462976
13883571.0,-0.7847483986196544,-50.19568050928467,16.844038194944815
12877571.0,4.474639734859659,13.005681035493396,24.99152493828613
12608476.0,-31.945903538209325,-0.37411778527437445,-8.517171857273087
11741593.0,4.66121164131585,13.761673462859422,0.7923135975534621
12589764.0,39.14643926324966,-66.79166432070427,23.28578236090104
13729296.0,35.65748137309542,-48.37489930163201,19.48265520022826
12293265.0,1.6150366928683255,-8.487434882553616,-2.972239191120788
12347355.0,-27.193085536672665,-32.884119601426804,-9.908553474912644
9562860.0,-35.90790671135117,-45.75093406787318,14.72945866996982
12494672.0,35.57268306108856,8.857904452853234,-3.4338222540631262
12875642.0,-25.196865826183185,-66.61687837725442,19.94899409782057
12858314.0,-25.779061134338313,-15.72319129256147,24.455863655349415
12616426.0,26.012559327963665,-56.668389987822756,-25.416328723202554
12431513.0,5.028140777913219,-73.70518353759404,-5.322012988786119
12851276.0,60.427810699719515,-31.09645025263056,-9.636609081587444
12525413.0,-35.00965428678537,-24.92443663666471,5.2242336769331015
12116602.0,39.13510807591014,-67.12775882536302,24.344645174886715
8356588.0,22.69898650735364,-73.12864824157506,-13.665847618133846
12367477.0,49.33415392979968,-20.85598945046029,25.105371983759643
8128761.0,-23.957291733441,-1.6297138842456218,6.47705807417395
12529996.0,32.23986727395745,-29.631106912724164,0.284260033660388
12410492.0,-29.42310054093446,-4.978188383209752,4.994420736639959
12030082.0,24.702831956126186,-37.685056950153665,-1.0244076785800047
12057892.0,43.954219675745414,7.475616892959253,-4.749027699955467
12489960.0,17.38909899181184,5.027077277908695,7.2811127667331
12408768.0,48.17484327114376,-40.49988441261191,16.774279752358364
12424145.0,4.5152984010191695,-51.73559456244762,6.233721922524539
12820218.0,-35.082894082257134,-76.49213996371103,2.7127397551056225
12582226.0,29.745070015043552,-47.74563731468032,19.45349247177242
12457802.0,-26.041136554351194,-49.63417652246468,7.832233385021665
11594739.0,14.400351374906304,-58.60559787667316,12.082039167957904
10668962.0,35.71225772369443,-3.359871932141962,4.898128756531955
11277773.0,40.44241303630816,-56.734878291088386,4.580220792800194
12470196.0,48.00408978923344,-81.94674852614295,2.579585466843323
12526257.0,-12.38771375377579,-3.582883348952907,14.087224156362305
12835205.0,-11.633398061523689,-13.903060326939523,-15.591838652514552
8333368.0,-17.133439030297623,-3.2766904033134105,6.017493354897957
12615144.0,-13.30184093842539,-79.32201017073308,-9.41526522803677
8706596.0,16.28228518070397,-77.62015511903708,-16.933521395574424
12634338.0,-25.053364869827643,2.2476908923957466,17.877954433193548
12472110.0,-17.429437884596968,-78.5365781550362,20.647802443515044
12590722.0,7.894203181888292,-58.191906779757296,15.945363347394316
12112536.0,-27.738091704820466,-3.9321055587020224,2.191642444610479
12281310.0,-16.424262787651443,12.00537898257665,16.17732513197464
11746058.0,36.99051307713865,-11.328160701924542,-9.075829963571408
12570263.0,4.352531615995766,2.0886393857720695,14.55325582973185
12514818.0,4.6692201564322575,-13.49150076305384,-10.147957825683545
1727247.0,39.43976817868237,-66.32219378047368,29.34338744877535
9478262.0,-34.67893396678223,-6.079302624883755,0.2718071586903643
12548049.0,30.201147520252807,-42.156107960927,-25.13435047278536
12453536.0,17.545769723181028,13.517916531866152,-19.008697155884395
12250308.0,47.63279309937645,-21.285091661154706,5.294650912718522
12483414.0,42.15850291543494,-40.68674290677966,-21.881837118272504
9487305.0,-35.406480350470694,-5.954344156941266,0.42192814238791465
12532682.0,-29.963906379562737,-22.049494365785606,19.0074377910826
12513439.0,-1.3365737979632888,-73.26634258712576,-3.3447491125252347
12230329.0,16.218545861639555,7.872539987980311,-7.6012578933688
12597960.0,59.90142908038693,-52.72469584708788,-18.36554698525404
12891460.0,27.420227936690015,-77.8193600215327,-20.683261219262015
8320848.0,-27.95130228588457,-21.401917433180042,4.36515433380324
12602595.0,-18.454600891851854,-1.3918093644707872,6.99233971986942
11808478.0,44.4922319361697,-0.134071131445184,-0.6885317245380493
2415892.0,-37.96831485944214,-6.723676116347037,-5.139055431309162
10669399.0,37.16483874588891,-5.609228247610655,2.2627062137228235
12140452.0,31.074997266980933,-52.881364866812206,26.897259014826403
12072733.0,34.4286318628952,-51.02833053352536,0.8086598703196755
12413738.0,14.570970060499807,15.489111201225544,-19.62460595527101
12523434.0,-8.835701921334193,13.535280535395218,-11.688837477966041
12504618.0,-37.248204721606186,-35.27644039296171,21.19915749821742
13237431.0,-38.70357214028313,-56.007133611189445,27.149860070309657
12603743.0,9.865970105862115,-10.86540795086503,-13.751893325107474
12462771.0,49.29445299824915,-73.409381556219,5.546934847811563
12626267.0,4.237396398138141,-74.32259493810228,-6.373701141560781
12526715.0,34.84388266749815,-3.4666107346782744,5.117594580919777
12595644.0,26.4537402559846,-33.73790716786342,-2.944705718287885
8848471.0,55.735629129656964,-40.235663811563455,24.7422444839453
12356310.0,-4.1800314390819935,-11.529817240769534,22.9249534838875
12434322.0,35.40637636273454,13.38086049300178,-9.857108647319956
12398311.0,-1.6581397324503584,-22.85498058242998,2.9206002239112605
8788851.0,3.3755020106978453,-12.479049714600956,-19.530466999873152
12604587.0,-6.361708883941361,-73.57572502027637,12.063524836629842
12579557.0,31.37749278471891,5.387190292673903,-27.77250953067064
12631281.0,-10.767705429395676,-76.1181380430487,-18.255413713828755
12571487.0,55.191258728282456,7.6930999325703455,4.731432796062381
12846359.0,32.100918409142814,-32.01542886500526,-22.442243109114283
12238603.0,51.62243779012146,-19.495376965147333,-26.872645295850305
8999771.0,8.54832553641835,4.338860803334811,-14.256643815357664
12004429.0,-26.07757274124049,-0.9185929143293022,6.532141294913518
8372303.0,9.33606213548605,-19.299679199152536,6.718068154519516
12443873.0,-6.1251091352943465,11.212720686042127,-9.012558809471354
11710851.0,-35.17994745107378,2.0174779911607423,7.887331129906135
12388622.0,53.90830650015627,-76.37009090460522,-23.990832460566196
12424699.0,-27.331648961968877,-57.179038319315886,-21.552603355376405
12714508.0,-29.545686729447286,-66.13496588024141,20.148718607758305
12431874.0,49.83504903332415,5.570621421903552,16.950729033525985
12613963.0,-32.66009383146602,-71.21368092674676,11.506071686049111
12418599.0,31.180451826677626,7.970162948533945,-15.17212075121849
11762370.0,2.6981907904609272,-9.56192071524416,-15.907774563041837
12584735.0,46.097711057001085,-54.405925141121855,8.230300023641863
12388358.0,17.212098465961926,15.057478922774177,-21.093538640815183
12063928.0,-38.444925482851716,-56.367943332362884,4.695555128938139
12553608.0,-30.94581573942137,15.795449052845209,15.647321790927187
12478611.0,3.521591260168894,-67.81947363611869,7.986116129840439
12602984.0,13.365245784993437,-52.897559124432306,-20.31385746858613
8554987.0,-3.6238829211535557,-50.12357678230586,13.779174294693789
12489531.0,56.705631722902574,-59.23321077931019,14.313908263176245
13007044.0,-7.969486016430055,-38.20247643266904,-11.670631407574298
12520175.0,-37.612784128180806,-63.18196221784979,5.769906492931196
10670174.0,37.369452206955074,-6.329620677854074,1.4055569592988908
12596004.0,-31.11762733437576,-3.236695098187663,-0.404222746920031
12254015.0,55.28236095623035,-10.54502064378989,11.323056321800813
12485985.0,28.08695821828196,-57.947889444580426,29.904443092513823
1754624.0,20.745597653839436,-56.46000658108581,-13.755271089003829
13254386.0,38.12922877564944,-16.732306820766873,25.21575675988832
12296186.0,0.9450610678787912,-76.2431817745354,-6.283115603487921
10658007.0,36.8542451260987,-5.414019492564018,1.9388936796096994
12523780.0,9.466332406814013,6.1157902139448,-15.637826533724272
12566455.0,-16.080685551990744,-11.036771200447859,-12.081645247135322
12405659.0,30.962371031695902,6.915517107902523,-9.929026969085184
12542703.0,-4.905627401779051,12.042552789117163,-7.351878895964358
9490638.0,-39.370726359979344,-7.782132058709715,0.7541475497845096
12905782.0,-30.30588885250433,-37.81662002593982,6.571802685292942
8884509.0,49.61107880504929,-13.610904601886727,16.319619355951833
9845279.0,27.40296536622005,4.043888647216632,-1.2540757120914492
12443025.0,-37.759427643309195,-78.4459974819217,-10.015081274084437
4478787.0,35.95123850629397,-3.6356780912498867,3.2377096520672892
12458233.0,37.972467430526834,-68.79377244786457,-21.34445652973142
11961411.0,20.217544417151508,-63.75485344164391,-12.137816089033159
12503614.0,-0.5980990607220413,-81.36248705973046,8.034390338245881
12419041.0,-17.819406099271344,-70.29782736388242,-21.295072190645982
11757882.0,13.907540154239351,-34.140815304653486,9.67787121891151
12323492.0,-35.67996611155556,-22.248559237200872,-5.987865112698314
12442159.0,10.479475952399794,7.0731107410322345,5.3917974003013835
12315703.0,37.977043514689925,-71.02051050782305,-1.5663595915857762
12366001.0,19.226539878658237,10.459802684463781,-28.583574310359225
11940429.0,48.16788711440548,-73.50877397984736,-6.5653447845675466
12420258.0,44.41509857831434,-33.73724417928268,-3.878939785660938
12794676.0,51.516221535508684,-4.217751231979502,-8.012310919981461
12235768.0,34.798740856704676,-5.55053959443657,0.7965412377155112
12597562.0,36.32021126461507,-34.77150350706515,20.290499590672347
12305118.0,-11.467664176987666,-10.285518299899188,16.36008890360997
9856961.0,-3.5241420116377578,15.66263910023057,17.962559709179295
12348162.0,-28.17398643999983,9.580662363405343,18.304162603289377
12491519.0,-21.468365504980245,-0.8479541796544288,-3.8967706301561225
12561641.0,0.451136160857013,-7.1845703798952165,-24.319696381377813
12467272.0,41.468731597821005,-18.8162850222627,14.049073832126677
12370490.0,-26.07181215041251,-4.72784986377362,-2.821153281874306
12611032.0,-18.326461009536057,-8.329479598488849,-9.215907869787662
12392674.0,35.087610627400466,-16.802562481058967,25.754428513103086
12808569.0,40.56689861140977,-63.216254191491664,21.07440881411604
11984725.0,13.984907741478711,-83.12197007227645,-15.417774283688228
12588398.0,-33.61676367254342,-37.5804625482646,9.255335105447994
13731239.0,-39.17011280234744,-53.7939968817251,28.86893973277922
12455128.0,49.03953316136089,12.651067881357612,-3.2282854658922386
12447473.0,6.664577333107253,-33.32635076543387,6.259888792399364
8492961.0,48.28522142593793,14.930535210316517,-17.860245874963518
12333121.0,30.225962461933314,8.889492378453982,-16.517274704518595
12841313.0,51.797094258700135,-15.569718363501769,13.431885889006494
2570871.0,-9.302725024773968,0.5309045189574917,1.1675595494003679
9495921.0,-35.63479416406714,-6.465965781082409,0.93333775045499
12273721.0,41.522677966753264,-24.932486425460443,13.294005024109172
2087690.0,16.787186721869755,-45.5823086120013,24.475080903196343
8158154.0,-30.283627910917215,-0.2592570141274425,6.37446957908053
8364232.0,13.433871227185636,-73.74298989335057,-21.665414137416747
12055733.0,-40.03661653774965,-38.5704827897114,19.233924956381188
12073849.0,-2.7430755946415553,5.785149801094352,-6.957883444322194
12062431.0,35.67231696467905,-55.96917264100065,-11.111703170355641
12465865.0,36.07084430621471,2.871946959024644,0.9239049955459784
11867964.0,31.155707789791432,-3.3207999910822488,9.472336859791621
12473141.0,32.64112236861516,-12.840578111024133,1.6739692355695608
13849727.0,39.14424684757871,-67.09421709350985,28.77497233883778
11913122.0,51.02029569460463,-16.612120720321073,9.512614350620723
12490405.0,46.6952482222694,10.880131577247296,18.296196264916837
12641632.0,46.63482616165233,-38.923362509881414,-11.43544520820284
12334983.0,31.601140417438245,8.273039234476293,-29.33243659010452
8315855.0,-6.658153483771464,10.275449298077861,-8.892139875029297
11880730.0,27.071085318719874,-54.44491238284509,-13.160991305582813
12560462.0,47.76581563554071,-84.37347234827553,-13.613782725657076
12316112.0,25.485316543879325,-69.60063815275694,28.239070006550232
12498652.0,45.31260689384917,-44.64200167766303,-26.694935379108628
12538368.0,32.97185293862014,-17.554131502447436,-9.221659415176891
12401843.0,16.699967213819004,8.913837454462493,-11.398506871146068
9876404.0,19.776011804482188,-39.79717711752832,-17.316821071987043
11332503.0,35.213808380444355,-17.67019292717376,28.839512372695456
12441042.0,-0.15023853150430622,-76.81373114392869,-14.435368578363736
2949354.0,-3.1514660541728943,-16.02776529638239,25.745224323312545
8843612.0,3.1575520143658724,-75.77576785123371,3.876795781966421
12383280.0,33.150800103570376,-63.51543460004345,-6.331890035442921
4469364.0,37.40805293965762,-4.044211297895803,2.798080484915095
12481201.0,39.40138973756576,-30.141875932258397,-27.619594209715448
9473362.0,-35.041764052688535,-7.058443663411881,0.28226618649193114
13642714.0,54.76300835770534,-16.730096243845786,-2.625960472789963
12577319.0,-37.17494522252246,7.390818330866083,6.9059829799435155
2302137.0,5.078429087901187,-11.509926112031227,-15.156885630700867
12534016.0,-8.316543072854348,14.87736064871384,15.707064029939458
12557945.0,-27.26181391694852,-75.0865387421568,-20.700036117892296
10916300.0,-32.71969137434766,-50.930269252549635,7.627863922205461
12412820.0,36.319702431359964,-51.10598162835853,-18.30963179737079
10667288.0,36.48643740944213,-5.0172161417457195,2.3681159987221334
12468061.0,-17.166454757499093,-19.270789005972382,4.697226778319659
12439660.0,41.915530757942854,-23.325921800719968,-16.584373948206604
12426282.0,46.19008189173354,-38.08814756731634,-10.75542483094167
12135390.0,31.878159755116506,-53.46929367643737,25.81924147094476
11930214.0,20.242586194232693,-33.95537980682582,22.891887731698798
11202800.0,-26.607300996354844,-5.875441523069271,-11.49851341198873
12363571.0,21.5631231001614,12.41172510143726,-25.525529625972915
2442015.0,44.997616263497555,13.792816056173471,-8.196519069526783
12469325.0,-23.463106826337594,-48.21284190195705,-25.752380619195534
11075691.0,-20.057434617345248,-46.64027218638078,-24.194543230508714
12552367.0,-27.095945236615805,1.5464160464322367,12.745567234826652
12588915.0,52.1503748705124,-28.497821669991907,-21.900349419068213
12406994.0,51.05151886724821,-16.72951281319543,12.933506970601897
12407930.0,-26.309005470020512,0.8288758765852484,15.429254729474247
12495122.0,41.77182451046743,17.995903917928125,20.510358026127797
12449942.0,16.259160895777928,7.110031323760398,-2.9410296545901957
8845113.0,-24.17965739236378,-62.30268777024606,-19.49898788712253
12501013.0,26.057594922382687,-65.52220025486201,27.11086144090736
8386018.0,-1.436859423987854,-8.408927286149128,-14.062898938224878
12391008.0,56.81702476275675,-49.02320524228491,-28.411601555527092
12533068.0,25.733203824710188,-32.00213388319614,-6.2593712683919485
12535764.0,0.4919516912742037,-29.654630570421617,1.8412658847991576
12636457.0,-39.30374375665137,-11.933101092281188,15.067969284052543
12621524.0,31.59241992185596,12.208485165150073,-19.12032471342451
12574145.0,-30.601814737167143,-29.698384880235366,-29.257282132934616
12229197.0,43.41887564871569,-38.14039500037708,17.23852691669299
12199926.0,-19.259585586318597,-3.7311416368626684,4.011889124443268
12570654.0,-31.952584164995258,-8.441838106881926,-19.15649161499447
12519108.0,19.317821931952018,-0.24449470176074328,29.65435589322867
48093.0,-22.2815009220582,-2.1936807845802413,6.823662646622074
12417877.0,-13.767403445363088,-78.72438476142813,-10.347941766516474
12452317.0,25.304470904220107,-46.62785803058314,15.383235906005194
12597092.0,18.891818198754258,-59.29536704277654,-13.86890800912263
12337221.0,33.03880740438368,-8.522569523414836,29.649641564339134
12517058.0,45.40650072888805,-45.12162408219693,-23.466404409959836
12418280.0,-17.663271606554186,-40.32574947456227,24.4680845273121
12274081.0,18.86840502110283,-46.250328053976375,23.62707893167169
11982221.0,-23.299316441919878,7.84847578153071,-6.906994300030899
11805226.0,-22.47827705830669,-64.03149031606067,-8.538072560168182
12436328.0,42.12746772376388,-79.25446716054375,1.620543475010006
8535009.0,12.288420901756854,-15.813946221504626,2.5536952557463053
11396672.0,-29.08775708010408,-6.67243215685243,-24.397191122926987
12251006.0,18.03862876391966,-28.007749552909438,24.093103629963814
10275611.0,-29.91961229156645,-40.87230003409166,17.527611186213
11985567.0,45.28575528952507,-0.05728597583122619,-5.113840501908164
12515806.0,-9.668807781791534,-43.62499222807375,18.967274556326718
2909944.0,50.91018806121845,-5.2271228155333285,10.52012634894609
12606884.0,38.94314119649055,3.9012411864620677,0.7179730196395742
10782441.0,29.45445770028295,-16.200783112893696,-0.26219499299783866
12499282.0,19.315296516281336,-14.348341494409695,2.97760739565757
10703088.0,36.01374345544318,6.004599112519641,-0.010959167578419748
12638129.0,30.446061535742356,-46.68529761469833,-3.1503017610788273
12528412.0,-2.6116560526991246,9.106644501303913,-2.2437395722521583
12362211.0,52.61694335429475,-25.530178890232456,1.4796371992300914
12487174.0,36.86971997917743,-63.485262240496205,4.6184102964793965
12272401.0,14.527851624084553,5.529328069053868,21.28753289866305
13708521.0,13.620207965477059,7.671633030307489,-9.095952849498147
12425091.0,37.18855633523419,8.849698449433685,0.4409098163023546
8546535.0,-17.904282413994437,-66.42876319147393,27.36774570637832
8334018.0,1.5017989095789128,-81.07905498192835,-9.101185692926167
12734337.0,28.62552206928335,-52.58253258472674,-12.110976154212935
12553972.0,25.256187227806304,-25.108267372715336,-22.367051680114013
12149800.0,14.257928556040728,-47.45981741489284,-2.4303235829816385
9457298.0,-35.23304088497581,-6.269341628893869,-0.038985995512939464
8872988.0,42.944679035450164,-58.82858431187327,-3.641255840706288
8515381.0,27.939168802574876,-47.23755905854892,18.002858697382884
12452782.0,57.31425165310615,-1.133560535295512,3.1756727223017944
10963088.0,33.04540637963709,-15.327384219220502,27.45438899229443
12196864.0,-2.4797347606798605,-75.47096649072526,-28.350416100839197
11951581.0,34.93903489743426,-17.258796406463958,27.574071912666465
12320638.0,-27.919366591054633,-22.468617779152225,5.636151062927489
1768534.0,-27.263249809513535,-54.50146693666903,22.338053674644303
12483042.0,20.010380142872314,-32.462488163942425,1.918020993493876
11196462.0,35.76136355398377,-18.205689112798783,28.51742819356324
11856752.0,50.35401343237985,-18.698550651086933,17.150169571091602
12247856.0,-19.456534603467897,13.84781040487623,27.033020142873028
12225378.0,39.446172110924834,0.507048194134567,0.09483897426226973
9572378.0,-34.41438326601107,-45.418294660629606,13.478906484797793
9489651.0,-32.58965213800758,-7.037617256935467,0.5710438705384036
12412077.0,45.72408675482364,-37.11137693331944,-20.09711738431622
12372495.0,32.99775647474239,-29.603184349532178,22.10247741488953
11678034.0,-25.402976761107347,-31.712584792986743,20.131078170940427
12534645.0,-5.576489417382163,-1.2664857129076827,17.600737090868634
12414684.0,7.716683230604403,1.3507779154576738,-6.719668580692415
12067213.0,-11.158123473207002,-2.7304790188527246,9.180201042193971
7671399.0,45.309677310019,-36.31962547332701,-14.664175346550536
12499666.0,45.07755128103212,2.8253898671488273,-18.985609651653398
12472585.0,-37.28318840694382,-59.37689100679593,25.91274681389515
13694517.0,22.494528701060407,0.9239136226418997,14.815135525440017
12080067.0,12.801262408810334,-20.055142533209327,4.270105122605203
12383644.0,41.54023857415225,-75.71594215773156,20.562211460372446
12476385.0,34.884603159587776,-63.291190257683894,29.29313648705299
12382477.0,1.2245397840946843,11.62119561403462,-3.028897022528
8353605.0,5.108925455169983,-11.063228859823894,-14.927502540376352
12265689.0,-14.587589977799794,-78.40997305050709,-10.869261943879822
12546377.0,4.471937690212057,14.474278692081304,-8.159130416287502
12508577.0,41.67100066555267,-42.78487180192242,-11.225145282624968
11935576.0,25.199900866548116,-66.41694237893749,-14.31808543252633
11950739.0,2.063587346784337,0.9126674002904324,14.291617642932795
12441796.0,30.860854881092653,-41.526793809090954,-2.709834991951607
12581307.0,-38.21427640766814,-3.4355907312706915,27.046178089046883
12441391.0,-22.15362275541996,-77.7063372952816,0.9430307853913025
12213417.0,-23.372432579555003,0.2568596899033452,-4.032748641709769
12459494.0,14.98490600962458,-62.097499419164805,18.05477577395309
12343876.0,-11.792568900091535,-46.64395978547351,-27.46327284642301
12251972.0,51.09438304818595,-70.75037406331003,7.626610307567374
10753341.0,33.128896278840486,-55.6345348320317,-8.865743174871987
12306200.0,42.575620614544064,-2.734682428978099,8.254616490846768
10207326.0,-31.277493250951217,-64.6408690283842,10.339136953964097
10699222.0,36.03249891949103,8.463328699754127,-0.8023950614081858
11051102.0,12.722065990519098,-46.46926638085601,-2.781822080720824
12255195.0,39.153088106500746,-29.541497101880392,12.463211206558519
11989787.0,53.244619088142215,-22.952394793382755,-11.176712015014465
12290997.0,7.409454808339623,7.188731215750911,-4.903957003823997
12372933.0,29.30150252312656,-59.840285582336236,-11.80465059778952
9609876.0,-3.69364781162971,-80.88891426006909,0.10641742316752989
12581770.0,26.800951459640956,-80.3128928149791,-24.79683016866751
12537101.0,-32.33131861824223,-67.2570428098858,-15.093432310130542
12262520.0,27.57175795704181,-25.145895550245015,-20.55941891643977
11152579.0,-36.6069455796238,-28.375973618031125,5.645699943335963
12360914.0,2.223635578064627,-80.15610244975313,-9.77243771410113
10666540.0,36.062754264665664,-5.550823650542223,2.540386068941318
10668209.0,38.06026916823017,-5.328844117590104,2.426538579342022
12246520.0,35.893391699482144,5.0289836699322095,-7.579042663502077
2592536.0,46.22398913515268,-42.574573877000134,-13.15186431256287
12355873.0,-8.397251691137466,-57.66324966836333,6.257534451646572
11737966.0,51.55451947827219,-16.964786347680032,15.83329573268606
11926474.0,46.56620941577478,-74.51480505041819,-4.074198394990809
8163187.0,-23.12638916513492,-1.0792842719976086,8.126521455687119
10215753.0,-38.75599682081242,-21.33771026735438,7.627119411636211
11877750.0,-38.99829827389779,-3.4586186352860517,4.381330039325003
12384400.0,-35.24051944621636,-77.16805225451733,-17.458008639264648
12292760.0,-22.065953826302625,8.08209910549289,27.147998589496222
10664750.0,36.62032518235639,-4.805984680654306,2.285099673512926
12569474.0,15.014620815067683,-75.07173454694384,23.687503601600522
12536108.0,-35.726838677622055,-41.47825647904846,-16.96021954564823
12527573.0,40.33398177221859,-70.37850588835545,16.92126753436514
12374353.0,42.508195054231635,-75.91819193764942,20.151866864344417
11834320.0,16.77955384487997,-54.405423785449045,-21.792672295740545
12465421.0,-31.960272378543852,-4.7901392235126625,-0.8590363838708752
12028706.0,39.725896450937284,-57.07474464011527,4.3009390430266325
12795387.0,52.857833151193006,-20.24448393085262,-27.346908276559024
12445821.0,25.100973591908954,-58.615598235122505,-12.203259993955115
9259179.0,58.52936947931479,-46.6107403050401,-18.568333871797268
12293768.0,-34.85655773548178,0.5072909999407562,-23.04398041196547
12242305.0,40.659192569075316,-74.73241146543502,19.472855500038126
11996589.0,41.14136383999274,-75.21762238532696,16.472922003640853
11986046.0,6.311181683011537,-71.37725745549741,-3.847267510615506
11867102.0,-14.93567588881303,-3.524289703182141,22.335786863036528
12798603.0,-37.4570150302193,-53.740354545943724,-21.93773114801945
12045334.0,-35.63587458263372,-26.66331462626944,5.521273933465599
12599435.0,-6.747045396890373,-17.50542060679259,21.43771109555574
12532204.0,47.326443028103505,1.7844479842039875,-11.78979157709353
962987.0,33.77306752123017,-5.023165400172105,8.191082238117126
12118036.0,39.91091630102557,-66.59543933849041,24.921245873016655
12066598.0,47.129706274988514,3.2968604591557003,-16.309263781235202
12015587.0,10.865371814731319,-20.455389163447176,6.6216143732986055
9482506.0,-37.95348674850928,-8.274905922974321,-0.36781332596791305
8122788.0,-31.050847427184994,0.12919602285791343,7.567735237476305
12033922.0,-9.506730456844645,-67.73431587151386,28.080677299951176
12416988.0,55.89891325520229,-39.582460734112374,-26.1225689254138
12419392.0,-5.157499565153554,-61.0596037352011,8.18464368034515
12239032.0,21.86681437902655,-52.03922381239031,-26.124855681002003
12018173.0,38.89450565736537,-70.85899589120497,-18.183161728428054
12438465.0,31.15203709654377,-11.320428350949298,25.392554805807396
12042727.0,-22.26416387134096,15.386159204212396,-10.071308183680454
12283818.0,58.767038621493874,-12.876319476691268,3.658168011234103
1399923.0,1.4976799985772695,-60.19063704615892,14.645563971022067
16284846.0,22.569295257070756,-51.56727088974587,-19.85283016617
12081961.0,49.74767096448792,-33.214359886788145,28.68095667785336
12334236.0,-0.06849029600200415,-7.216446940696671,-0.8963121752378985
14183869.0,-2.9539013513102867,-54.415560643026396,8.201299609179346
12010171.0,-0.9045311847738471,7.566886229884089,26.999752275001626
12322224.0,-36.91209230374659,-26.267260089228476,9.112896962994181
12561956.0,-4.196585371921806,-15.294445153472152,15.768109398891598
12032696.0,-22.50277535213768,-52.363871239039014,23.864705435596598
12431065.0,30.32981498729501,-32.424589697686514,0.5721456012208099
11859770.0,10.546503144318752,-19.242313446213693,23.104802505447974
11958039.0,35.2945439723175,-51.66703841964183,6.58100823722733
11146944.0,35.21985046943602,-7.446422293119627,1.3235395473897436
12517503.0,41.138043842366194,-75.8280509284891,15.73142295705913
11912224.0,2.0223944890992307,-48.626496738486345,18.251704209851916
10704127.0,36.285651704496345,5.198967554820582,0.8341684763856261
8529764.0,-1.2311441217672072,-54.59168214028125,7.558450421856408
12284114.0,13.25083928233159,-35.928119204061716,-29.34100849300529
12201835.0,44.508009658657556,-0.2986868398337982,-2.230635026585551
11979363.0,29.284617329367773,6.804773326737413,-5.436303589949702
12303918.0,0.48672540200809633,5.758475845933887,-8.711455888176745
12037056.0,30.569350615437763,-77.40947402020424,-6.158520732614722
12403922.0,-22.61011105696518,16.627455460140805,12.34947893547062
12281678.0,37.26412965290085,-70.58283408163605,-19.888926415624958
11863456.0,-40.697060288824325,-7.107588030965658,-0.19332135696442165
12387371.0,15.844313561698996,-41.70657035400367,-28.725427203698608
12351903.0,44.83613998507291,-0.38097930318763407,12.340507993379859
12232309.0,0.5392755228954984,-58.71589126479816,13.018748855470891
12394989.0,2.2888519339000872,-29.409530829088112,17.736070003193426
12479533.0,23.777367866820256,-63.80369043543146,-13.551093065594833
13809001.0,9.187449983241903,-47.104561607232114,2.4036562639163948
11881225.0,36.72560184794786,-49.977257161319436,12.555209144182143
9492058.0,-34.236086490998304,-5.206353416002619,1.4054351254283879
12057584.0,54.308415434534254,-70.99275024303003,9.798999168553493
10372526.0,-10.172587041133868,-13.733340612925542,-17.2323863866618
12376708.0,21.58537766365756,7.357880877176388,-8.206742758722756
11007531.0,47.92585667595936,-27.784950881473335,-8.971823409913878
9982917.0,53.24045975180597,-40.22661562460937,-4.217960740389502
12362599.0,38.95212266468707,-61.56532732806709,23.36678285963587
8516462.0,26.10122235466341,-44.79293700281454,-3.1445989655313884
11889923.0,-31.163432288019003,-2.6900714080264247,6.408339733007362
11695126.0,17.15899150194314,-62.94241131987896,-21.17939403530435
11932564.0,17.713310091341135,-31.970329581963757,25.424321845799057
12342851.0,28.44794941408538,-29.769339185580783,-16.928168090152628
12294834.0,26.613059617277166,-49.87211667138716,-5.6395043980423285
12733127.0,27.8608074691072,-52.968575691200975,-12.5400506102391
11111809.0,50.21379759129155,-0.9655431033850777,13.815530179035871
13806265.0,6.880446626580682,-72.26340775788067,1.67850172234657
12290223.0,-25.654534554047828,-70.46792063409545,-29.893879298726116
12285570.0,-30.70439445747769,-23.34827193813813,4.88401105962169
10928237.0,34.3469797899595,2.837175550710333,23.145996746369313
12312874.0,20.003722700364847,-58.00503469044222,-13.513989009819252
8688607.0,45.51373514362044,-17.082432539708407,8.034371569922895
10972953.0,-30.851855725189964,0.4695771661548418,19.246558833808727
8716720.0,45.56335304170289,-42.20056737723993,-27.434016803001192
12329006.0,37.43364571370085,16.59096217303874,27.84037768051763
12367791.0,31.81114332053058,-53.277652431399076,29.32218664771095
13695354.0,23.028610193531435,0.41353446768663127,14.521929094502605
9475625.0,-35.03841927383265,-7.220535670095119,-0.453499590214113
12515339.0,-26.185150592666627,-61.649700575969675,-15.442984851199343
11778621.0,-26.811376620244122,-58.08418412654532,26.960202595896018
11836732.0,31.132429534702858,-72.11230639358457,24.39876774318295
11644543.0,22.033654076321227,5.25378115742204,-5.194578293846694
11958440.0,-39.04436280387984,-15.094334004514097,-9.268986068351758
10663959.0,37.30862629548837,-4.642984098000697,1.894184711161953
2797402.0,-15.936772171603762,9.451726885226835,-8.497702999924877
13215580.0,-14.058006957159447,-1.8390289447127852,14.910428770783108
12535323.0,19.133021161992836,1.2993812767158615,-6.5582754008465365
11674733.0,-22.092064062563455,-44.41673787605353,-24.15647450057742
10157597.0,43.85052336798902,-31.762643177329593,-3.1604135144154295
11891598.0,32.681629837957836,-0.4040768938668964,-28.331443458663173
12429597.0,-16.658313938577958,-5.979159666289637,1.7291830443784217
12086233.0,41.78854672122595,-10.961496147676002,-21.771246949195483
12434763.0,-31.184024086060134,-59.17666543290562,12.822649513955035
12548377.0,47.305370994207735,5.939623146340535,-10.375294481312832
12565187.0,12.810236881072257,-37.18671787746178,14.624874630767591
12295142.0,40.70405521764931,15.867405419083035,10.363629064940707
12765846.0,-27.41802346565357,16.969510276305783,9.962740226801698
12423154.0,4.7414207492376494,-77.41043472500219,-24.805397234043177
8571863.0,37.052345908666,-24.37764473865164,2.7677616037299235
12263462.0,-31.17793223291313,-32.688640242620345,-14.96091791101007
11393725.0,16.48309491572505,-72.23044989397401,-14.716927213491722
3186133.0,34.95929394278501,-44.83090611823653,-21.84496550898439
11871348.0,-35.59451832641704,-78.06707228585691,13.12483326701069
12368284.0,49.22126971703712,1.1738743317194251,2.6382688687418874
11212046.0,24.925920425890663,-36.74289101792541,-10.592867054159944
9931608.0,55.76778851214001,1.679446805471986,20.064748572273643
11987113.0,-20.914511165651103,-2.6069515213915215,16.826751446219657
13292381.0,-3.5311548444899157,-7.560200807353135,0.9232896750900086
11259803.0,42.361471018144464,15.978429778664783,17.758094393000167
13276560.0,20.056132618360024,-36.72346745224725,1.270166419673437
12414231.0,56.82621063701129,-71.196318867151,-0.12200362606566273
12450775.0,11.968711299959594,-3.282691970714507,29.082413565759524
8385340.0,-2.201724009483617,-9.066794450325233,-14.062552228997282
12260285.0,-22.439833585154876,-18.365749632904567,4.015731699946592
11909385.0,14.643857598786584,-69.4390570190895,-23.31307696557085
12432794.0,10.530240695972076,-50.05232735747027,18.29456862451327
12237401.0,1.9099993714593995,-59.59406960497494,12.013889127899677
11940765.0,57.52999679988378,-56.17363808619392,14.37278099232151
12440590.0,-1.8254766451805784,15.263362460328302,-4.404583907949991
11866243.0,49.26649344180865,-52.790143434915606,0.22183364210809664
12547265.0,39.64055766187779,-16.249695344885694,24.142860304395292
11614362.0,57.49277995246416,-58.286912994230605,14.726746164167105
986443.0,51.37302588255587,-67.63602404866813,4.855148164260301
12375109.0,49.28838175076898,-73.75959125602675,-21.58260083289913
7173185.0,30.028457131518824,-46.53034145308616,-2.886821817361046
8509869.0,-2.8086442671170193,-12.096641271279664,-1.7657608814892822
12038791.0,31.218297053598327,-52.31766672253654,28.78541571388704
11987978.0,-40.38964932517885,-58.16917769722942,4.464760365779586
12711010.0,-29.178012315115907,-65.91620068048712,19.510357627890688
12247255.0,3.907578862702467,-50.19888739893961,16.902227688875904
12432291.0,10.052443959982387,-44.898134252781006,-20.76908259417249
12368794.0,46.11255483833397,-69.0730163281509,23.32175047215013
12354581.0,45.68906253561951,-42.89941198427765,-27.260502944757768
11730240.0,27.787136964972422,-25.603984332200852,-19.687413042031782
12297587.0,11.89145613607888,-28.297098970221167,-16.75466767248948
12079440.0,50.29926187701444,-34.76544600160369,27.768520423980483
8416565.0,41.68905050482369,-25.623144492378422,16.03623571416902
11583471.0,46.4463264920133,-38.425227828124356,-22.401267501529404
8455804.0,-37.99487815899962,-6.900405226767885,-4.962894303273739
12234364.0,-29.483484419462687,-15.56157774248698,-5.88861572458355
12341620.0,-24.110953258206408,-7.299728640768765,-17.822204842248073
12331533.0,-13.811687083539834,12.828083765692389,12.547276094551014
10410756.0,-14.724595152742754,-3.112560342844821,4.255686276114084
12423685.0,-29.950985948633523,-31.685703051029698,-22.18630206593545
11716506.0,-7.885944216454404,-29.292130576453186,7.552195997924274
12258518.0,-23.902024454424687,13.82955902682391,12.479272640153214
11036394.0,-3.6359446750592883,-42.469665949747,14.573620533403929
12287801.0,-24.383407691352392,-36.834173390563166,-21.127856493377024
11495444.0,15.409056539855692,11.424197380294405,-24.864238648808126
16231498.0,13.964471609544553,-53.05033190455248,-6.674019739109305
8721319.0,-31.98337735067703,-52.48918396970944,13.476045161350033
8840876.0,15.58111488238473,6.228737570155882,11.19579704901558
12371974.0,-25.58787685558424,-66.93070909156575,12.375100822260132
13251388.0,38.13407163960979,-17.209662358503895,26.033182505377443
11609526.0,-32.72569017990859,-30.179579644776716,-11.123680667117803
11946355.0,36.97350085435258,10.254513741104248,1.149153641076936
42234.0,-32.371340727109974,0.5463618088449044,7.779086031371388
12074211.0,53.980192562157775,-16.104067830672225,-17.56220545189236
11921971.0,-20.217132797633585,-71.70460054953188,-18.31639464860747
12087327.0,-30.148484011694677,-13.222341562856059,-18.332139055003033
12250631.0,-11.842219673964301,-0.9045374697983499,18.604162169300107
12050090.0,-1.9836030719392772,8.031618841771216,-2.5403088755152803
12454542.0,23.631884105328414,0.6331758119913322,12.885695685370763
11784261.0,-25.147805294348494,-46.31822574835559,29.881151079293552
11856212.0,-20.747071182812018,-3.6481392328230347,5.996231523600294
11789226.0,32.20538594903337,-27.59719832630377,-27.654983794112248
12292246.0,-2.1912781444496447,-82.3489715535626,-5.46724857508133
12278944.0,23.295822875924433,18.56404606173545,23.670147493749788
9486543.0,-37.635677826010834,-4.991770098376558,4.0922681245598795
11698670.0,36.5115374931918,6.063908956997885,5.229700482845934
11913559.0,-16.243257554892654,-21.862767995008234,-20.256694285917707
12047210.0,45.372306097671355,-44.871863569880006,-24.867822370468097
8303524.0,15.866941191961757,-74.65199260489678,-14.816427195599806
11827581.0,-3.5919248510941055,-9.207357152593831,-14.082741030111972
12405234.0,-28.838864725145072,-9.898827664204884,-21.450760930099587
11347905.0,-34.84038477110133,-17.611957670057752,-20.824896941320652
11225162.0,43.44486922328724,-54.353438053836086,19.67163192216225
12056178.0,54.34833906698549,-15.16973562606555,14.61413529960224
2790661.0,25.92202537683403,0.44832632748496737,29.306737408938165
11867457.0,-41.53492782271035,-26.757032115906615,12.039158884843273
13275969.0,18.99047367689075,-37.47056489028789,2.21422488183756
12297092.0,46.434187832145035,-43.917299824557425,-27.651039227084183
12298099.0,41.292265148526866,-28.385079471226604,19.94873211070657
12344816.0,25.8379308456791,-42.377936668269605,-2.2664630743035
8633362.0,-4.577824016237519,-57.62852346247367,10.425760854654321
12332672.0,-5.320485600164799,-10.73744202931511,-10.180358734668584
12026282.0,-38.457063380012414,-68.43805247022631,11.85966983790753
8136011.0,-23.978386565327746,-1.2653937150063719,6.417445081712966
8286647.0,51.05303751617715,-4.841143365069703,11.57018883086695
11919138.0,32.42233657030571,6.5013883346219545,-1.140725618653176
12235286.0,53.94619053423322,-8.963561591041262,14.269359816250166
8144143.0,-32.685145194172534,1.0998898362377276,8.22964811898996
12197270.0,10.334632974750411,-70.27214579830478,-28.177609125713165
8805939.0,18.14306242362075,8.919693633391825,-12.179478141463731
10586238.0,13.458242152443146,-79.55647730046077,-14.946545982840224
8150447.0,-30.578909297750315,-0.18318928636683673,6.539667336781748
12398747.0,-20.502537155690938,7.829624933812401,29.11933036849151
11928815.0,6.023783875335245,13.811639196391802,18.619045424344282
12393145.0,28.72474716025983,-11.920698930107879,-18.429499855612153
12360531.0,4.781047045030107,17.343681563260198,11.273481599073566
11973092.0,34.51966783039633,-46.02079880753691,-29.035401825891903
12346218.0,20.680611456930993,5.1359025412573045,-17.59831333474602
11315984.0,-32.28925799288294,-51.82707981591708,6.748962970348304
12069189.0,-29.104931810601713,0.8904464007582765,10.879774354430822
12054252.0,3.607492303831517,-28.459782618079267,7.6204520917958884
12273131.0,36.86053929783171,-25.551481635838893,1.9343887166577227
11359929.0,11.187427543817554,-39.94764146231001,24.40043309662475
12060377.0,-30.82837938718502,-0.975413731388845,4.419966458677186
12494191.0,55.8691810727892,-8.128957431173927,7.572947892922698
11911338.0,12.536265583438752,-71.93119567267962,-24.27262136967834
12223483.0,-4.894081664433527,13.468845998509213,-7.9194354128754725
10733159.0,19.436435162451524,-50.32273877891123,-16.299805860264833
6613433.0,39.243127708300925,-81.09414807815863,8.391385068068331
12216364.0,36.456694461544004,-40.21757984381135,10.505891335088162
8801277.0,20.75971546340489,-52.79631982751289,-28.734903056372772
12316558.0,-35.49364167196733,-44.00793045747957,-24.76968932494355
12012583.0,-9.089005539921706,-32.76456685775739,-5.838858768093727
12266066.0,16.627980134746984,-59.197945914507095,-8.845279004260462
12308709.0,-35.256037694772054,-16.524323483171923,-19.33622758533606
12071431.0,-12.999066085126593,-20.588678045213857,-24.18838206776128
11807171.0,-13.213428975027451,-50.014088052260725,11.820848975646227
12706265.0,58.907440146903575,-11.544463065901367,-1.848079863012888
12033392.0,37.41443075170705,-30.061041781560824,20.273166834774763
12426732.0,42.678572913818215,1.8747175663628448,11.90368180184987
12359433.0,42.00928184377326,-22.321768268078173,11.29052644879955
9035303.0,56.87058433956987,0.37139795689103594,3.2442806123152894
11758244.0,15.110682711049446,-79.00825470228675,-14.424980514150551
10694572.0,35.37413207358211,6.386107651593974,0.2645954373969337
12221908.0,27.25249865736035,-59.28106637278643,-28.331091487199938
12012226.0,12.211385111303501,-66.52621767243888,-8.49613603597145
8352708.0,24.928155836979116,-32.34726867984081,21.646616581668315
11971955.0,9.68246211357525,-22.03516949115112,0.5460900497899357
8148722.0,-26.701800161221023,-3.755326237547631,5.367913775545777
12308241.0,-32.863243092256795,-22.208468071587323,-9.997069752621524
12076623.0,26.470674266012132,3.228289540258262,3.3647513319315125
12415242.0,38.88124787679349,-76.0636932322705,15.482014334587115
12246841.0,14.10417327268787,-76.53317503898349,-17.316045472848423
59536991.0,56.18605045892188,-4.215050669768986,-4.678616868329873
11992846.0,49.24554506982044,-17.80017881123718,-25.96868602812108
11929702.0,21.768835553765072,-61.268250402353246,-17.811358153783424
12004918.0,51.40077573006357,-27.150095519829293,-23.01704206844235
8805455.0,7.124680801549143,0.24997795199729644,-11.388957785644635
11923857.0,17.085267058972914,-31.570851186198745,28.53992893023682
12379582.0,60.016441545689176,-75.5567297839383,-4.496663894592523
12401394.0,-15.509393209738938,-70.79312897452401,21.78952939635886
11920279.0,-25.656509757045793,-47.34457477438445,28.089169297794243
11918473.0,51.648883429536404,14.93805205784166,-15.836109973016422
12301144.0,-36.60683500863323,-44.7235554957609,15.099931043265482
12067654.0,33.377726138479105,-82.46407988543585,-11.74908297925248
11931548.0,46.43187910616576,6.72975039586699,-12.885259632671831
11215790.0,9.188391171939864,-40.076235498665625,11.709879877322614
11988553.0,0.06435492884390848,-40.400931574464835,-8.87812147926227
12058286.0,-37.29101406288203,-55.24147141060436,6.638942394393691
10651124.0,37.02639840425757,-5.490326182315265,1.93921331746775
12026666.0,-12.657724973760082,0.5403211912563675,20.424072169459766
12364152.0,-13.518737549463514,-46.5174872688544,24.418535360883165
12022891.0,-37.427134644256924,-72.16792351427586,26.227025174641106
9723304.0,-35.237806741792646,-47.263994009331675,25.944125458113263
12360095.0,29.565542454362756,5.085565006125692,-25.486519427538536
12036483.0,38.270003239862355,-84.29315668495637,-15.95442094119295
11883828.0,-40.263547838037354,-10.000898692152388,0.4914289681015136
11937812.0,17.919950596401996,-28.147129622809896,25.10318638305001
9863141.0,55.65316552592172,-39.75541943597506,-19.27058125321244
11954193.0,-36.98247943775772,-30.323917623952784,-14.283779523323645
11623054.0,26.23951618258845,-73.98173034594933,-8.673765083021056
10752582.0,32.11412059341355,-54.12288580931604,-9.149848972716846
12088408.0,-2.9099455897339563,-11.573265330851184,-7.989035049475914
12343343.0,-37.12190959686797,-50.139252162430516,27.5088630159985
11951145.0,11.335216848517721,-24.561338664369746,-7.832515332744749
11514361.0,34.34714652429581,-16.182763640411224,29.188837727406934
11747777.0,32.46375395093237,10.228512580868792,-5.250383100711027
12017166.0,-2.223271929970684,11.536944048842381,-12.1289819217922
11851549.0,39.98845186136749,-31.501769500178955,19.674373500432353
12366350.0,23.277042473401547,-81.0716518229238,-8.820324882183524
11927482.0,11.839227291558188,-42.98974735390287,1.1750843466293484
12243749.0,-30.821128419285685,-2.880864500045771,-4.817248985395464
12377982.0,-39.633277280125775,7.500216612156898,-5.687621146846495
12222343.0,-40.12587789252497,-58.84207039533059,26.095733796613164
11794980.0,-29.75432574537589,18.564947827412496,27.28383401966862
11930979.0,59.56561922789352,-50.94802068858707,-19.022960934926118
8771481.0,-11.208004465958288,8.079344575921555,-7.829681159938069
11503869.0,-29.0849282888154,-5.158188844157865,-2.437219191131043
12014509.0,59.94408681022492,-39.80307343630731,-28.166499466911407
12057069.0,17.61577734342321,-3.744575765189615,-8.318465231750702
8404920.0,15.033771576280326,-76.10807702704545,-26.558683333555415
12420691.0,39.82239839857418,-8.098139898992363,2.9872794498836672
10612687.0,13.987947781290384,-80.10914828087913,-15.28904293934173
9554090.0,-32.856726803283244,-46.77310693789542,11.847936016714534
8143479.0,-24.55164998034123,-3.397591897474128,6.322225479669639
8151237.0,-32.84382638735992,1.3265453478652358,7.441964493239908
12270882.0,55.0569647019274,-63.50540407177985,11.976467957611176
12270134.0,35.07846901699962,10.752913355829616,21.987450829521137
10619188.0,9.067922795669208,-79.10892847312594,-13.473484741528273
11377373.0,29.5979125846399,-83.7452511405311,-21.382700221335295
12261992.0,-10.707534529730811,-15.946581790805094,2.8765214531579
12365450.0,19.058690732615776,-31.285770899296747,12.891005919008514
11632755.0,8.61347805003717,-42.75696435485685,23.622236297471098
12289235.0,38.158012122574114,-36.33226104069925,24.606105857165424
11907564.0,37.988775255877336,-38.58649174433998,18.571520576647302
12059398.0,-6.149151996751776,-21.941055906360372,4.397596431171897
11299926.0,-37.654666795943186,-36.5432300847823,25.14427073891361
9663237.0,26.041171644286486,-73.25233815101784,-9.285269355306863
12371440.0,-6.004755084698614,-77.46914271536478,1.8251338899833591
12045705.0,-27.44333887787013,12.082776919681484,-7.470007646100862
12386680.0,-36.22177722966803,-12.169728246551504,-22.125357178349176
12005858.0,-27.818893343597086,16.243608645639085,9.338557567992614
12307350.0,32.45630628660878,6.3667255335405235,-14.638032005234294
11953681.0,29.835578143229466,-44.22202086957042,26.720763975123138
12227671.0,47.62323987461615,-20.51773782063493,4.157370382915855
12038207.0,3.2622502813424115,-55.21832588349451,4.387204546415517
12024954.0,37.196857475601036,-65.7227528019956,4.71308579729583
11722547.0,48.63577555416217,-29.964153780302173,24.145092649737567
11604807.0,-35.2212024744179,-60.89834614707459,23.699342385438307
12236278.0,44.598744627991806,-51.717335165288,4.014664007048526
8562466.0,-36.797423251103794,-43.43723219752315,16.528027740165765
11981384.0,28.96408912140556,-74.5638036769902,-20.137971503613656
12237807.0,0.12841555348709943,-5.876445812738199,-5.070405550414842
12413210.0,-27.203301175111843,8.529335948908539,13.567244600142226
11786323.0,-10.769756175648395,-1.5981378242030633,16.920475452659304
9459876.0,-38.765017846821394,-7.973947286206986,0.08795777684371853
12227100.0,32.00362642344553,-10.09656559655646,-25.794391410313786
11220361.0,-13.680001647805852,-78.49050833460858,-11.328907074932568
11709360.0,40.2615061775056,-78.90303176633759,24.21997371807639
11970997.0,53.441104677694476,-25.22897428122626,25.570150031579253
12085319.0,40.735651398352395,8.982937271344962,-17.11304469570545
11808096.0,9.992938319891103,-53.22903752337845,-26.450359657649958
12044831.0,36.72587497276201,-22.026223421659957,5.486118950210163
8147136.0,-26.663834758225104,-4.9519702112919735,5.048461176234556
11458157.0,46.639496999648536,-38.23859068537989,-28.468795523340543
9469843.0,-33.70185181437568,-5.893334079595474,0.537831565222783
12220849.0,-38.842984929537174,5.623045988687306,10.29759223068129
11650804.0,22.549468988394832,-80.10670943459482,-9.692042286885206
11971511.0,49.13109172521842,-60.147218726012106,-23.79794540355306
12139072.0,31.218230881487845,-53.19512278948325,26.419447897277383
11968866.0,-15.582780910731612,-56.838863415876595,20.466022272458602
8622720.0,42.67158139422827,-14.210638716861242,6.0260261099840635
12348624.0,58.27283020874379,-38.540934410904974,-22.354294835431986
12078093.0,1.9618149789230799,-63.11984923972787,23.79214167251854
12263852.0,-35.275167830494965,-35.935937458827844,18.778032886096607
8613788.0,-33.12061371293359,-25.320657983650314,5.169103267605227
11774639.0,-11.601932539312555,-15.3621964970084,-16.83694561305598
12260786.0,-32.201304585723,-42.90509193856543,0.9738375830526976
12265181.0,59.6719132702546,14.537738459984487,-23.523955136137236
9467752.0,-40.47234780988903,-8.66230324985954,0.6158971945085918
11972653.0,10.110938788217872,15.222015247508063,16.77964071701609
12309171.0,30.970518170730116,-5.040816507342901,11.727273128774518
11932010.0,42.7514627083983,-2.6116126688252748,-15.443898402797199
12016755.0,-23.015764768023853,-62.886594893832985,-9.226453035077999
12051623.0,36.33658067503552,-20.425889740059645,28.776151060098766
10487263.0,12.638538816523122,-79.00210611204898,-15.925061628140153
11846286.0,32.944047171330475,1.0961877382556429,1.8212703692035972
12269598.0,22.072305115828406,-16.970532055552326,-7.099781189204284
11908720.0,-40.80921204703206,-2.470592469726478,8.313617202547608
11589069.0,-33.80668722124957,-45.060131595090056,27.321302076173062
11922864.0,31.912140248009838,9.57728556728921,-21.28847038691163
11803312.0,13.376906127987557,-79.63763490202199,-13.821436417148135
12224910.0,9.976635271954603,-59.125833360924894,17.48632967802444
12082943.0,-2.3311820204317106,-27.419302376676974,2.323875170323107
12065185.0,31.146774688386106,8.779587206342581,-16.73379426324763
12373717.0,-39.75260954463792,-17.526099371936336,16.523271999509344
12060860.0,43.7409947915645,14.150885271718442,-18.4228256677833
12239653.0,-40.366102148197925,-51.08861195312432,-2.865114233038436
12017675.0,-39.49289326551243,2.293656872717889,15.8201551654702
12081487.0,-8.352647474228654,-11.579652552140594,-12.27380987070702
8719180.0,15.276189375196585,-34.750436758411446,6.4083553944619345
11939897.0,20.853504880345913,-53.7256583769449,-16.002887154302805
12718162.0,33.359952666991816,-28.22727509116132,1.878548255067236
12039205.0,15.630130687924852,6.2318592121075955,4.235065426121844
11279560.0,-30.54885173376117,-33.399131292993005,-20.04709428440739
11904567.0,10.12647169841119,-22.3095378878349,11.112825178835852
11597240.0,-13.797147835752053,-50.39225255791479,11.974866491961048
8151799.0,-23.811375921252882,-3.2766303723136705,8.242338065734247
3547255.0,12.169331892865474,-79.84324607071592,-17.876932316076854
12228709.0,56.524660274935194,-10.600841439208843,-21.3662423770448
11956859.0,46.344772401707004,-16.22896759367709,16.400519919602612
13253062.0,37.83423929176589,-16.76968788725762,25.699544289335016
11887730.0,45.52496902286438,8.617660194064321,-14.152730083146638
10617795.0,14.133676475126345,-78.95886944098609,-15.712080535199416
13719992.0,19.206861128361645,-75.27458850506903,28.460450961494207
10879691.0,19.632639916821745,-63.840567265000324,25.39051901981142
10977317.0,-22.513087462030303,-59.44876132867568,27.02316428412507
11463227.0,47.604387538475024,-39.05823000288857,-27.221764352172677
11949484.0,39.577972407046516,-76.86477706429177,11.068647891843002
12256358.0,41.244270298187274,8.237211707874286,-1.0407865787700077
11697607.0,12.897494557097893,-82.26980850202663,-7.5808372431011115
12046688.0,-10.171088702206022,13.646021501081618,-11.554328040462115
12003839.0,-19.859357342752592,-6.287344050330088,25.149213775370924
11217129.0,-42.89919569416576,19.402827636601124,21.471800901792207
11804198.0,-29.70132405676608,-5.101094057336996,4.370142125790908
6631027.0,13.412008029523179,-47.725113348560654,-3.926675950954027
10621919.0,13.195531390366295,-79.37501558760945,-14.397699353748525
11995470.0,28.694070216280387,-50.14231058735365,15.976564915681683
12040293.0,-15.320855785116777,-3.669247344124855,3.74346893126253
11711921.0,-7.981976345197522,-5.843465608926226,-26.04305046481971
11934208.0,-2.4995290817329163,5.193760066584751,-6.6381875830857675
12644955.0,18.827513015421584,-40.81127028393362,-0.3699168886744273
12061564.0,-24.84791990416012,10.959874920199498,10.384995933146708
11877223.0,11.482281614829812,-36.33249109647639,12.785361743438903
12043965.0,55.69935066085399,-2.368290853306635,-9.001593507881903
11821573.0,-4.8470054188945895,-80.55657904019253,-28.248970246252444
11997839.0,54.117100980552195,-20.56460065203381,-9.317969515673477
11265243.0,-33.1594541426464,-14.382789783889129,2.71155846892633
12328614.0,28.403705243006318,-75.03254277826784,-22.24077009188611
12353830.0,38.513004251461844,10.96544071486432,0.8097723887214663
12218963.0,46.538396006334054,-34.338665834361116,-18.103840995358127
11905706.0,17.32075067696738,-83.8826704825069,-29.91845375844801
12053555.0,28.58581869536734,0.9582195770639268,4.597482224056603
11769809.0,-4.210098148691039,-74.44517501881317,-26.875539417676542
9784828.0,9.051596745905137,-39.10028853756786,2.1887094388389694
11660009.0,-22.244365236495685,-21.297304534595,-12.174583870351508
11701993.0,57.87390307372299,-0.2228740404348311,3.5333360142327956
12330451.0,51.16848575552426,-56.2164441954596,8.513220112160157
12244990.0,11.30485849195632,13.543505424508165,-12.577132796493153
11703515.0,-26.35376451972188,-1.2970557254345472,7.619332167177719
11617763.0,-19.08577051623873,-8.833049250848424,-8.701319215266
13783517.0,-4.193386119390411,10.132286744857028,-3.6291379876865433
12303422.0,-30.437925123530004,-58.240951148934315,-19.31433203861897
12288167.0,53.54466677955697,-70.50568575233137,3.7795770094560943
9443124.0,-34.71741344866457,-6.370107043172263,-0.1401741270682355
11272064.0,40.00575348265303,-21.490684007407204,22.28442943551495
11965726.0,-31.318583658788537,16.065467613498825,21.549198035810193
11993490.0,28.848819048921094,-10.574970319315854,19.0945635511803
12021923.0,-6.305780170382191,-47.08601802932048,17.533174767464097
8128032.0,-23.346854188019798,-1.2707271361638748,6.503291575500031
8513771.0,-21.139588205760507,-1.3417319868868613,9.374868947945318
12069587.0,7.370260990765121,-82.97045775651287,-10.449393140075433
11589541.0,41.58456690892524,-61.4156243039309,-19.451479757746053
12079008.0,-35.80286303703881,-20.695357783143137,-3.6809883207233347
9097592.0,36.5537395241758,6.311702860931367,7.048191585227036
12058780.0,52.67406069892862,-60.066243624113724,-13.283401477937385
12047675.0,40.882530865226606,0.226600210380842,0.28608711823782196
12066078.0,22.285384781141122,-55.55949949602188,5.964687148777976
9483124.0,-36.197707431216756,-5.830236034669718,-2.711292325653962
11714619.0,-11.675895886340324,13.805379766645313,13.538692649651603
11973981.0,35.21359293194181,-25.782469644079136,2.04389471806965
12082469.0,55.579420838940756,-41.21186208259303,11.431656036353308
12050466.0,50.92635988080188,-3.1407807997365564,11.516980449023634
12070802.0,34.645861233999405,-5.064283613162291,6.336537613597132
12275144.0,-25.661338862663207,-59.938514741296444,-23.46903181461748
11682574.0,-18.231998317805957,7.0181294985608025,18.345282709559065
11962811.0,7.222716148548362,-43.24916524124813,-9.22834364457814
12049546.0,13.311816131504298,-15.130540835844712,-29.29504846744675
11164926.0,36.730353976651124,9.145267013087478,-0.07614243105138074
11950037.0,17.7659077177711,-58.49091849000343,-20.579818212622268
9118067.0,18.614972038638264,-64.8551058470572,-9.392540559674295
12007308.0,-40.914978551929096,-8.06413364238619,1.9918995213945836
8507543.0,-16.682027913076354,9.991756822034084,18.756692313884873
12352414.0,54.71647248328691,-18.905702844745335,16.623389854536793
11772420.0,-8.87813903223082,-83.03132851231831,-5.712694589066508
12251537.0,56.27452739433624,-82.62464460245052,0.07049602395662546
11035877.0,11.539601981383669,-71.80469713678647,0.5528100144388848
11771855.0,51.46422851602635,-4.276431925399493,26.21367570061497
12264710.0,-4.00017440925932,-29.999195953794963,7.2823939238169215
11960017.0,-21.7120678754064,10.572911781751632,-6.302148212854092
12331003.0,-2.3106636567902155,-11.780626049779883,-19.364934890365582
11977795.0,-41.90263698926788,-38.98748925986549,16.472175877459293
12022425.0,19.10144383595957,-46.892169658473804,24.18488704429049
11853740.0,51.99757278566444,-16.081120388030904,8.077322832188523
11796353.0,-38.688930188510234,-26.219902684553062,0.7414194168208583
11828738.0,50.47832175913107,-1.4600810756469658,14.321485936474122
9455775.0,-34.52115561628875,-5.907499706322442,0.013387223899216316
8434414.0,40.08047005409098,-69.82306445863055,10.547695667568219
11933127.0,-30.601922081838207,-14.489941560930948,2.944152642490336
12305755.0,50.90688117121446,11.680321900392512,-11.513475876903208
8485275.0,-1.6573493805017385,-62.8154735356062,16.408887991509626
11871707.0,56.23239953477425,15.453603177214495,-9.588876562028505
10894316.0,1.3388037085064335,-61.794592880052186,13.843838259421103
11662864.0,20.02391936338062,-65.31915234809938,-12.16207544251597
11241076.0,55.5827269525449,9.124355210743538,21.066573277998682
12030535.0,17.411118345883974,-59.9504539182531,-17.12799572323409
12086658.0,-26.313513275205274,-15.61435003232422,29.34116543360761
8331245.0,14.63971490317034,7.812911580421975,-27.08774813491944
11831042.0,51.17299830942919,-24.932686829504682,-12.075255843695903
12042123.0,49.30150462087995,-18.791257434082617,-26.650679247235473
11926906.0,56.59535011829914,-22.99084755960674,20.228281713625464
11285525.0,7.835923466023927,-40.89080825178849,22.424290635634264
11915634.0,-36.941857010586084,-37.288327404718885,27.406352283543598
8467806.0,50.51331923589859,-84.00452615446727,-12.441617753660854
12112108.0,-28.8372804084148,-4.9516623651651015,2.210846238048922
11905190.0,-4.9218065080451945,-11.237917119613034,-5.27701681149792
8533720.0,-26.334812673740743,-52.68303709177432,-26.471340366043115
11854271.0,11.398243448724244,-12.931465567271996,19.180232789886357
11675090.0,20.141348173125444,-30.09889532402878,-19.29793662135711
8519945.0,38.65988065838178,-53.92735259276749,14.322037778433206
11958804.0,-2.5246145697402533,-7.717460200504676,-11.70743900452264
11457293.0,47.85446513717484,-39.168162288903815,-29.123435376343007
11802449.0,42.95676304036615,-68.14815224417626,8.924472743221065
11889091.0,42.30839008650433,12.285282220047652,-27.07172677973464
12217376.0,57.60773804060807,-73.6494693122041,11.436370978029334
11493483.0,16.478213211513545,11.217269656300193,-23.191596408692774
11830011.0,-37.77279644470553,-30.27458721149167,-16.166697438393776
11819742.0,8.663883572461396,-69.5988575561485,-0.21401239180815423
12216888.0,-40.01837369853701,-41.84285271124785,14.86695223629338
11460589.0,46.11858059209294,-38.18443478240957,-28.188613228485742
11504643.0,-27.149086939368956,-4.876231595166713,-1.093286023103068
8492016.0,48.55705288675371,14.686172992795829,-18.00201210912431
11841464.0,40.74274528588563,-28.077392676985397,-28.47298643532443
11947963.0,-10.0543879955369,-13.67417937257451,19.802422944742517
12087923.0,14.375880101213165,12.450870921502602,-16.049534171058063
12115375.0,39.50543825541916,-67.30889111632194,24.914540563162305
8259239.0,-35.381424957306415,-6.579815922833114,0.011597236440618719
11978578.0,38.88489564889845,-3.614265677813401,-11.18329968246989
2491995.0,-3.088978189764435,-11.770307695598651,-1.5087082491795696
13811995.0,-24.855534472854945,-47.318618906933494,9.750475991457908
19768712.0,47.235154525740754,-38.42710153999941,-28.143868242642924
11994937.0,39.628470156291336,-23.867698014326294,-23.18513786219328
12319429.0,-32.73412703087338,-30.05325407756333,26.510439910144733
9568608.0,-32.87535273343282,-48.1250784825076,12.880970162832682
11807617.0,47.072574636845246,-74.3004438745628,4.021692056072194
8154793.0,-25.43603885757082,-2.3341022492497716,5.749853317403497
11007224.0,43.517171569453744,11.784980913892342,-19.01960251862827
10747783.0,33.6206665547344,-55.16289997337572,-8.846412707733485
10616939.0,13.994780458338,-81.66824155507015,-14.721867677968575
11882251.0,15.069935916914842,4.662364957218732,-28.61282304489215
12715080.0,33.633102969610334,-27.737966665653875,1.448004408249255
11732008.0,-42.11323335992279,-25.8789412228633,11.621076167480402
9481539.0,-37.04752201240747,-7.616406173182697,0.5536365459816861
10835614.0,-35.264014304705505,-6.753783839124307,-0.5391568206589987
8517166.0,26.11541078302414,-44.962555600458565,-2.986785965465084
11648479.0,31.879283496726135,-81.24455205499085,1.3360375743971407
11795894.0,-3.9783961251409092,-11.064783458180703,-8.457326909529153
12244385.0,45.314964611634934,-9.027523881781507,15.93830911738418
11806234.0,-34.51080178342669,18.860637409002244,15.918008714884898
11643312.0,-24.186885483434228,-4.068821093919058,-3.2149264935471598
12015067.0,39.575932820071664,-75.09911726400973,20.460401698824906
11960605.0,49.974143869558546,-25.235768698342632,29.845899557366565
13663711.0,33.310603877011985,-4.243120714453761,8.348027998518615
8682709.0,-33.61199546502721,-19.287348433596126,3.8135761626754276
12296636.0,-30.95009233360964,-67.21111441873146,-15.88134119753252
8589169.0,53.32879184754852,-2.441298552140072,2.700808289613854
11655766.0,-25.591698531532774,-26.368778611313466,-27.1836327733808
12639794.0,46.32482439533542,-39.461607694467226,-12.019269680497894
11819155.0,26.089193187314795,-79.34664061293368,-8.007486790129368
12224348.0,-21.499120803273456,7.538509044640776,-0.5712036430626455
12233129.0,39.39178222518658,16.260883104615797,24.67040672165435
11941152.0,16.467134265168863,-56.14157890783995,-23.636015148338224
11994323.0,24.07544826130572,-72.98426470010715,-16.871280840048534
11187593.0,41.39525753594808,-30.24749552154961,14.770149699265332
30903.0,-22.91514185678046,-2.022574162041214,5.7410321392315815
11975324.0,-34.84598917898026,-51.888700041004405,-4.071485901283436
8668428.0,43.21477415705916,-14.656311410853435,9.074427264218503
11917908.0,52.82354768612234,-14.746240821311542,13.240168676671463
12254557.0,43.98656912234192,-33.00815768010602,10.143046393097134
10663105.0,36.0689704453986,-3.6709841466261945,3.0921527393581094
11892688.0,-27.02340831510713,-33.987205159685395,-14.525792867419508
10622690.0,13.660650912372505,-77.11322766128856,-16.54871033329902
12024375.0,-21.45090079082249,-53.70838475485792,23.310831572292564
11120034.0,-33.25967905345445,-25.594563473630377,17.066068061020253
11902707.0,-20.357755391133207,-76.03117086434092,-7.852298247678645
8769997.0,40.959737252334264,-59.590154283218645,19.025921288374427
11866634.0,-6.381004225633814,-55.33225603832112,7.623163843880328
11983175.0,43.2443588006294,-60.59297399599928,-15.59721319731006
11704519.0,0.678869119235205,-16.628441465733324,-27.92874629049075
11354985.0,37.54424786546707,-53.93345375867004,19.803669800505546
11068153.0,54.45850918007691,-19.233645943897237,-6.397263395471314
12766337.0,48.94282215786005,-82.29253311573474,-2.278626374460643
11966697.0,8.991299032144148,-47.215725224997634,-22.61776612260352
11957404.0,36.00454443873491,14.760368759048774,-5.1002540545308275
9437929.0,-34.28297129498543,-5.841688701594564,0.7575292430211547
11053157.0,-36.21720808792702,5.1403267178861896,6.812198275485213
12018990.0,48.74742622158665,-67.53772643207478,-4.3261032105145105
11942846.0,-0.12469480987025805,-9.866675632965368,1.5910793176370217
11798183.0,52.261244470868135,-16.33557446458507,14.906630684716545
11736289.0,-23.475537952795936,-60.944168936831154,-8.210826129164168
12000438.0,17.278019494375457,-65.66928460821816,-16.312070761070384
12294181.0,-28.88393215358236,-22.39314409887876,-11.471977633209724
11954794.0,-33.03999511723081,-54.094089939579305,10.929699088228007
11752689.0,-0.06363874165313499,-75.37406579338881,-4.792836572508873
11793100.0,39.03792781591214,-21.01305003686384,-13.886709208277235
12020946.0,21.976470422633682,-49.478821862228,-2.4003867651364583
11831644.0,-11.353878253820596,-60.051046459329804,12.612208058054513
11936521.0,47.8247506728502,-68.35108308983719,-22.625599270391223
11859331.0,13.78273281655176,-41.91395387735657,1.0217890312022329
12061941.0,-20.037048769257638,-62.12461045863599,27.941834061605128
11895834.0,54.425909721319805,-40.083811999625524,-29.223643161390598
13821358.0,-39.69285134029557,-26.625848576189107,11.406780371863253
11890468.0,-38.33133428333727,-9.524886014678492,-10.311971095380375
11785278.0,11.532791632005829,-44.173792631149034,-5.318353299371019
8157458.0,-24.74847793276425,-0.49414626632046565,6.19591179380517
11855250.0,-27.96221295867851,14.786365475832808,25.707101870281374
11744655.0,44.78481034000941,-23.647449481621393,-0.7354627433635921
9845003.0,27.689265108855817,4.287142731619282,-1.1902382537372769
8749131.0,-31.333044891618133,-13.24108749280707,-17.58960641773836
11011904.0,39.98798381636507,-66.79721697346619,20.071379447466875
13707646.0,13.722451209147502,7.897227109241103,-7.763306519544529
11770327.0,3.986365756057306,-25.277435460213272,14.43576141193498
11580832.0,17.0311471327134,13.151460736305165,17.162995223436372
11672862.0,58.94593023958602,-11.922756026575708,-0.03687482819890242
11839175.0,39.85236149535516,-77.25334726427283,3.973087804781647
11924666.0,-31.01331159637231,7.7941026852077195,-9.85404083281701
11788646.0,-29.548117267251797,-71.89379876578869,20.76233335644194
11962287.0,-33.35539920525032,12.330463248661847,12.452613313038041
11322978.0,-34.91622592807719,-44.38991245035405,-19.93381910964325
11963296.0,17.29145567418573,-59.086833456044,-27.589251335021082
11984318.0,-30.70770654194789,6.998455607357309,-11.919822968692754
11886109.0,43.505031202085014,-28.83424759557797,20.83273002631915
11379216.0,39.379877240012114,-54.39202887081755,3.979911739488399
10940128.0,60.12545085489249,-39.68892968137483,-28.785970925032313
11964081.0,-35.252494981486066,-12.76853531282112,1.4731532361711213
11893576.0,46.41087858965059,-38.978126741594025,-29.563566070617696
11976426.0,-31.200599313603806,-50.13854625037552,10.83193112787069
11961005.0,0.40218899048667056,-62.04661332805301,4.902593188961387
8147616.0,-28.888933169142383,-1.6361833280913283,6.911041040252723
12034391.0,31.47368434553808,-61.2011191321289,-5.45740778370806
12027193.0,36.47562973015084,5.34501728936854,20.84992983474059
12282465.0,30.52727283599672,-48.92928911045556,-5.148493534840867
8315406.0,30.51408367039718,-47.97659188394742,27.499638300446506
13850369.0,14.746785258821143,-59.10388453633413,-9.176320835556115
11822791.0,32.45787943960615,-52.0716862284421,0.1454170999955906
11661591.0,-37.400156256488955,-51.716922050334325,-1.3298989813824642
11938758.0,-40.470460691376374,-38.852888366817396,18.974964420988336
11939363.0,10.62613244042088,-41.64954554908239,1.477161613177293
8918198.0,21.445529740058735,-9.08934906765368,-7.533277309996464
8149807.0,-24.688954136667537,-2.887640435513221,6.432451667136367
11933632.0,-39.065670902569416,-4.743652559758573,3.515887384149175
11211670.0,-23.42109326184166,-40.81912721127824,17.368568053447653
11786748.0,30.210206124556848,-11.212013386309865,-12.010761411743117
11231999.0,-0.2724558327221658,13.94396753594007,-5.348235389609178
8287393.0,51.76652941826702,-4.812211614769939,12.044314175186114
11875052.0,-41.847564535382126,-71.78374140867223,12.819035484213423
11894119.0,35.17022741630392,-52.411364894991344,-16.619838656239917
11632252.0,40.77777448487733,-22.844235901150732,8.49746266192792
11990611.0,32.648265783188386,-75.76670874179295,-5.855371166749613
11897284.0,-18.983651579783555,-23.745500654545015,4.73180171023116
11673660.0,56.00656916278625,-72.20163148990166,1.7299603720772367
9463308.0,-38.08855564906876,-8.583506071168022,0.0011878600594070754
10208531.0,34.05570452815,-52.66787701588728,-8.195485707032159
11864692.0,-34.174364534332156,-48.31896061912594,15.206478659110987
11704085.0,-23.637450240952738,-76.90459655777079,-5.523815531644698
12646401.0,52.791127170607055,-18.00563549047983,16.466739051400648
11792682.0,-37.18374174609046,-53.142461185970674,-27.370368240225112
11381491.0,15.190961467643362,-75.57789364032698,-16.899752305032486
11402532.0,28.11764184485669,7.365471639124756,-7.214237973105082
12052437.0,29.760222911694314,8.709254162606001,-21.912166869885027
11914244.0,-38.00394055702538,-64.68346358946792,11.309478595424377
11923369.0,5.956017424557719,-20.13581034885499,7.457051138551405
11900326.0,17.896446522572475,-75.43292296239889,-13.890266965337625
12032276.0,-38.04016844031186,-51.371869778326854,17.47988057332968
11612540.0,-37.548651467356244,-54.88102071527407,5.052329798437464
11766180.0,18.357708538262653,5.700484454242387,-21.522728767781643
11836249.0,5.99227302071647,12.746685741806377,-2.0525846155699274
8135171.0,-24.2418752926605,-2.838536449746892,7.203692776167255
11857617.0,-42.07155550300254,-25.6204549440375,12.043677938024294
13873825.0,20.94331633504731,-56.57196329127805,-13.174175790289974
11159265.0,53.115676106671394,-17.140877431191118,0.6584713066975665
10835036.0,11.809883624139674,-4.145191231125749,-11.172934435297433
11676782.0,-8.838048262366971,-49.41985088237696,14.022432504222461
11921379.0,31.37137218246272,14.812020334927293,5.6405397258006795
11784660.0,-13.314824417326053,-57.423404893748376,6.625116404338839
17335181.0,-13.111060241967241,13.603887094244842,11.886801004838334
11959374.0,52.4919335937104,-68.64782112256813,-15.651423043495404
8604967.0,-6.190224157544223,5.85621612347102,-3.4416391091178125
11903120.0,54.25385831174878,14.549226623755041,-16.652152109606813
8377960.0,15.06608535203981,-42.16606387778087,-0.11718449512200113
11798532.0,26.58355727951521,7.631128904897033,-9.148491014533086
11991949.0,-33.674147374689724,-34.96760944260256,6.652337596546927
11742811.0,-37.173732852277396,7.764742956710083,-5.203840629519673
11664368.0,28.455290106704425,-18.168414039384164,-27.96110998396775
13870581.0,4.282226583793976,-15.387674666393895,-21.38396025797559
11916175.0,51.0574666209289,-26.91317697188932,-14.625622229534324
11783000.0,-28.91220836680359,-28.31728618392876,-20.11821606123051
9882562.0,-35.56367616629806,6.317594759041809,-3.2900088928134497
10963567.0,-23.130185206627015,-2.6351929261188145,8.670855508068314
11600581.0,51.62355325810873,9.823890104505267,-0.7966630627102393
11843910.0,42.85743615191859,-21.651080952314118,-15.375674888114053
11899185.0,36.08377368393853,-57.28277855060744,0.028042684283924757
11627774.0,-24.148536322056515,-40.57351614902448,15.241744896880846
11896678.0,16.85237362831752,-52.03292184602256,-22.90025086818935
11494448.0,15.118733357545455,10.313387281627453,-24.01964774106951
11928362.0,-37.99245378996866,9.801172281754688,-8.853479412040292
12138520.0,32.79589675380832,-52.821399349002874,23.96833197310719
11855796.0,38.8232558011349,-31.281229081126206,12.740334812365532
3138389.0,14.212701083761996,6.483845851501354,4.772793265351668
11696541.0,32.73360669799113,2.05627439660803,17.519918447053687
10615048.0,13.782478172275692,-78.34613601862125,-14.95341660167779
11753108.0,-13.077270724853607,-10.536978647564016,-20.875116918038437
641392.0,55.21409313626457,-17.372342411588072,-2.792326161477602
11751342.0,24.38990807458127,-50.98627816391049,1.1334968179963223
11910269.0,38.88520265979001,-71.71447292219578,22.957107329061103
11181029.0,49.78261272660304,-0.5603726974578938,1.9626789147482646
11890976.0,-31.183450850380446,17.04465127146465,19.9708700510021
9598401.0,39.07786768461443,-77.44014598461207,10.762248591764518
11713571.0,-15.921583547238845,1.8215186547696316,19.552664861844452
11986590.0,-33.64591125919891,-48.69160215937079,15.357441337379154
11719623.0,11.313280301875238,0.9401326354760577,16.99328861715577
11735283.0,8.811711667152863,-79.29734387316853,-12.850990196681279
11885057.0,49.769905809835414,-50.32961674963767,15.390265195358882
11987498.0,42.23359292084739,-69.89774423127449,15.46526853210348
11388369.0,-23.679565000180688,-62.54182676259456,8.978835867304653
11875553.0,-20.166127068315255,-42.37740867151273,19.862355434408535
2414715.0,52.19855262381336,-68.29270538932107,9.040894718915048
11935034.0,41.30226684245507,-45.06697747738513,-29.47832382786524
11829205.0,-34.746386423645255,-25.32981305732035,14.849700719131057
11781572.0,27.899139036826373,-7.4638343134466245,19.68233156163326
9464627.0,-36.23692026674949,-6.447954288030912,-0.3067267365510262
8697256.0,10.161121518044554,15.24167547278121,14.433114946127068
11724637.0,49.811877544250585,19.84553577594355,25.6287252360452
9646466.0,-20.786196183174784,-41.57628100000392,19.804323632401577
13881536.0,-10.230682090574449,9.554179145311608,-8.819108543144722
9946458.0,44.8072797377117,-38.530478673583985,-5.480058273939626
11738375.0,3.751469787656396,-74.24329737421557,-28.212008837590858
11604336.0,-37.792193534200955,-38.041326614821784,20.494991305464183
8133712.0,-25.587164901716985,-3.9094661715850103,5.761931558096673
11883213.0,29.892048419459645,1.3768543327789717,5.660270106778802
8144845.0,-28.109141473834388,-2.2795662366149347,7.199704984058309
8620634.0,14.787321144036536,-4.907576268062547,-14.274202301505913
11663911.0,-4.085455213061871,-14.462288563176564,0.7217240012507625
11783600.0,17.609052571295145,-57.9156769854049,-29.16473806962619
11717865.0,31.49749496225524,-51.22463459097807,-6.756155655937288
11686770.0,-30.879242737141478,6.366125420211681,8.54713086618846
2958110.0,49.751550259139776,-6.888664478517322,8.976089176727859
11904005.0,-22.274043574190518,-15.033775530758454,29.997880713310643
9273456.0,45.28745005547276,-39.348017941998094,29.73474411884993
11906285.0,-14.532191940343635,-4.113639103643849,1.9933054865502275
11824681.0,-23.1077373005744,-40.05458392904425,-22.33209189447072
11637647.0,52.26663627218284,-67.36684847692855,9.42973708861738
10608672.0,14.426290721308131,-79.61379049137177,-15.181018723541687
11162396.0,48.96533326423382,1.9578518997049468,-26.750138936381003
11908188.0,50.61674836916627,-51.087810987268405,15.35578604949451
11731371.0,40.68691276985447,15.318437159779803,4.061663225600556
11089181.0,19.368726254178636,-43.01115039590397,-16.724043073760726
11618336.0,-36.75446873164159,-5.318132289042098,-3.1514491742982877
4573880.0,23.505247343319564,-50.353582716753735,-17.998981102326482
4461432.0,37.521395588669364,-4.630976192789732,2.681166066796062
11352525.0,-38.85197909941345,-7.503100137396531,-7.6899179747788775
11865621.0,55.60869306958361,-59.13900814344387,3.4087338435390446
10755352.0,33.453240913743144,-53.41227337469156,-8.159032896320516
11624404.0,47.951508710449886,-59.223647486810734,14.138165058480745
10890401.0,-16.312882751225846,-41.93018193207073,29.62064473755005
11182160.0,38.71077507491851,9.842949995448857,-0.08489240189032365
11226440.0,5.727437316853265,-28.093102507235663,8.624359309849915
10561553.0,28.260001671083106,-24.950760370363092,28.443301011336274
11818224.0,44.35358757478374,14.513643412643013,-0.3119334163987313
11811985.0,-15.345141331683108,-42.75412058004387,-18.480277422078856
11581322.0,22.362163775091048,8.701387808717287,2.9463906465088705
8702730.0,-20.942271601946256,-2.8904772572953985,0.17551976094450694
8563236.0,-27.995526304037817,-42.15909851806846,19.792731946969692
11621493.0,56.151644779550665,7.898949635518148,21.299047554376923
13731702.0,34.401823073612164,-5.489719338876112,-0.7042581743321175
11989073.0,27.792471346380694,-48.50079930484642,-22.40461940269371
11848109.0,57.857622752251906,-50.48058118569274,5.893527818670195
12117403.0,38.88363894287484,-66.09940026970014,23.221544897040424
11802821.0,-28.803738999111495,-33.153118072572646,15.829093391030632
11965072.0,23.367633689271337,-5.861509849145467,7.821051897207204
8307241.0,39.786941444321386,-77.49997519869198,13.66303302579226
11796900.0,55.823602953969235,-71.78702791348725,-1.3126646335079926
11698094.0,-27.947564810611734,-7.096209027810281,-18.951128725406363
9476462.0,-33.60984855901943,-6.195727321474228,-0.5166983748148617
8643294.0,52.875530077448026,-34.576193471806654,21.476766022619838
8601463.0,50.26323375474805,-79.56881447498628,-19.47447075118699
11887111.0,45.3301064575619,-23.13252422935368,0.2636674374683139
11197681.0,-33.90558595303436,-33.50436543238183,6.869335946423156
8835010.0,11.111203563207013,-28.136643411280733,-14.089236543923418
11876015.0,6.640874126441987,-51.22600902814651,-21.732798934333385
11628946.0,51.891528727728726,-31.14082885627101,-28.67046184553194
11714133.0,52.49049807006145,14.427137549657681,-2.661124546100569
11830430.0,21.28175268433043,12.17296235652197,6.041225101880128
11774007.0,32.29129025528768,7.736890791483132,-27.56917762651426
11872802.0,-27.258857268462407,-36.56789466411945,19.867395402140826
11847547.0,33.16795504222454,-72.21248603325881,-21.280948041810504
11844825.0,-22.427442972267578,12.173498369204555,-3.0288775557255607
11087653.0,40.593484939631466,-56.15925754110465,17.304368531109212
11716946.0,40.1654872919878,-17.197013197987353,24.304000388671163
11827079.0,-8.872153180621446,-45.33024486960888,19.580134338590966
11792124.0,-10.72164820145425,-3.857943692956319,3.1213291468026494
11858799.0,-24.095989457689022,-27.90218072353542,-5.255089664195461
9895197.0,11.139643596907105,-85.4147620537968,-23.780045570858277
11395693.0,-37.37167482952179,-34.20965239988711,20.016928721893763
11318851.0,45.33120382860466,-57.18184213776088,14.562084032209798
10449576.0,-2.197946959541259,-48.94384266041945,17.351567466599796
11810693.0,50.80239918981945,-80.96539158263107,-12.48318017666711
629180.0,51.991320797957215,-26.62732129396152,-26.184342216715606
13668561.0,19.0314640991534,2.3920234371806206,-20.1560305784873
13796727.0,-25.07183436131538,0.7753768510905872,14.299041432302232
11083400.0,45.19430007394176,-23.868565200884287,-1.3317714188797733
11256173.0,-38.267860043053794,-41.07495755908772,9.662565629624922
11669808.0,-41.582404791371985,-29.07827513666496,13.587841651766446
11801119.0,33.996562969424,-45.11276394969189,-20.289631080257923
9450455.0,-35.56716364401056,-7.264680541904292,0.09941575748407061
10616039.0,12.747636348610428,-80.04048118176357,-17.784874931078086
11699140.0,53.8157529226518,7.645695969452737,4.2568968895631025
11723719.0,22.233183348680534,-82.99890292718858,-23.635115590994705
11861303.0,13.19055875066126,-77.15114370215016,19.74189818850341
9559943.0,-36.04174007287621,-45.76596204770929,15.294238628190007
11585283.0,-26.806630190260634,-17.26973659968852,17.7468901043279
11432443.0,-16.956546964864394,-12.778746485479271,-29.294487614277585
11814602.0,36.11770207474024,-75.70982497447287,-0.6202864853452308
9446777.0,-38.83437306387317,-8.23819199402162,0.6286465247818507
11407719.0,-0.42379986297117456,-48.88623224514935,15.836839943158582
11253791.0,-15.922688584995054,-32.35092456166618,29.00996496582883
11758900.0,50.4293098710538,-19.93347607669015,-0.9406074855527748
11759492.0,27.474832885425943,-1.8864713443794034,9.314346483499596
9485865.0,-37.69617224681934,-5.069515727793031,2.3917099078099566
11351911.0,11.426423172022584,0.8906592291953148,-10.023505772725315
11840351.0,16.545475198542814,-15.380230092285379,23.38658088782234
9931032.0,56.085656591431984,1.763916275336371,20.43566977335558
11596528.0,-11.884440482251197,-49.642170514577806,12.47766427110012
11907054.0,45.495933195612764,9.110037262940347,-15.747011459361595
11640447.0,54.26165549314303,-16.639773010049485,-0.17654003447955002
8657188.0,-16.204652741590188,9.867908390007695,-8.71890444544929
11606886.0,39.901592691074335,-15.133106462482333,28.265309321582954
11756055.0,46.01533630018735,5.595942385191348,-7.053343410581404
11079800.0,-6.159788353796715,-3.896709987617621,-19.945107554591047
11816154.0,2.4224855646496737,-16.465566849372852,5.750912370148351
11837259.0,35.725105205089925,-23.8275571438737,6.8106039789187305
11725542.0,23.93721633220853,-36.69578304700717,19.77207729985937
11724877.0,15.450995391117209,-56.828713692980195,-10.946375299670908
11720893.0,0.16009846207350897,-55.11995378214696,13.341439454020978
11745206.0,-22.010416069792615,14.33804430974701,12.642655210659562
11260245.0,-40.763141669845574,-8.40188083941733,-0.41751732430777366
2775644.0,53.47448587182171,-34.30129770650916,20.94177932475467
11837731.0,-5.253121154986122,-77.07732041675874,2.572197335076403
9466655.0,-39.84576313347863,-8.888469618500059,0.2529367650277856
11693971.0,-37.67474271125749,-57.207611495416636,-1.84325949811659
9399663.0,40.83637351118418,7.836688358586303,-0.22164809374827632
12712402.0,-28.504198246909638,-66.66785201765386,19.742847539697184
11917428.0,1.7456807537936392,-48.55689078722889,23.314207934400052
11815221.0,1.3652009648125216,2.2178028735675435,-6.216975470237577
11729536.0,22.014007017594817,-52.14332449756049,-23.376488876759815
11787486.0,45.72181087436333,6.970719425022685,-29.60778153259164
9409955.0,52.89646091624944,-2.430772361196225,0.9924398438366344
11426333.0,-8.582574854102274,-29.117483575729832,-24.398354979105324
11706409.0,4.188044116703462,5.949915653213851,9.235288310276374
11974380.0,-37.91834203934212,-54.26448819032114,-25.98640439381416
11767344.0,22.319881748175682,-83.09655705972874,-16.638879740673815
11779822.0,26.106592367560914,-54.63105042976217,27.36890998691128
11598621.0,41.47257808666671,-38.174942454297984,7.496846823845464
10910420.0,29.77404558005557,10.098043568776864,-18.44152377402052
11898298.0,47.279077181571076,-73.7723643634154,2.9132622888965383
11389922.0,-37.67333621918742,-78.22307023571992,26.458068700072623
8120452.0,-29.634182112056546,-0.5837157477776544,6.8242068920317385
11909681.0,41.21644672282602,-75.93581441118472,-19.538273880743972
11715856.0,-11.324243403120292,14.257910117521439,8.623288537993119
12149159.0,14.315686597223207,-49.09037303117699,-5.323004003266939
11812940.0,26.060115091702865,-19.038473594220875,-25.469298201869105
10157043.0,43.44823915219347,-31.764430833766383,-2.8090048879316356
12645532.0,52.86373418325222,-17.547303727434187,16.153706049220023
11734239.0,-25.755546890451253,-19.572217770265084,-7.994549729201035
11653184.0,35.106826673383125,12.069483628933984,-4.308032887845661
11708071.0,50.83649066874205,-60.780363202508205,6.610018275420575
10992623.0,38.59536917629876,-14.480304876487175,-27.475824254366845
13854599.0,20.194164722455973,2.006782366523007,27.81667154919989
11741938.0,-4.854667215141653,-61.69603212711052,5.568993980633843
10380109.0,-13.129219009167993,-15.254727013221922,-15.195451693896
11650253.0,17.465537749025422,-71.385750362137,-13.720068911045946
11720163.0,44.84557758640605,13.425563942354408,-10.96031360823126
11773528.0,-13.93382253632385,-73.22756927447647,17.0931363377563
11776019.0,0.6847242033807697,-55.99609387767898,29.695423947320613
11843392.0,-32.53672782302875,4.399614072567134,-7.330893509792467
11337959.0,6.492896345095357,-31.75844498718424,-27.08971857612426
11656890.0,1.0865883367964821,15.30176756882392,-16.29895359666071
11885617.0,53.87556168716375,-16.50962049387457,0.1814315586487032
11868342.0,34.05006586892278,-24.911213061218454,-10.428856638540054
11763770.0,-38.261315621055815,-5.789541711820807,-5.745594400704694
11879555.0,-34.44856502061119,-40.182240568998644,25.725477798023512
11841850.0,26.22103877434183,3.215205371076933,1.9501330658556957
11634227.0,38.71499373841675,-48.242889166482925,21.49432546800103
8738766.0,-27.779336410607467,-56.54275725583543,-21.99520811766878
10914626.0,12.444580184021476,6.827952444404554,-7.987889378160293
11585829.0,24.43546970296594,-29.263777468599518,13.013657485013345
13709148.0,14.02043867769043,8.315085900738685,-7.782901765002562
11674316.0,11.67409377484903,-81.24793298308956,-18.321239962400632
11764363.0,19.05183924613127,-51.690541408845675,-27.95295918207041
11249635.0,52.91467354563219,-24.239451347022623,-26.02627161618495
11349458.0,52.32194315489877,-70.76051489195646,-2.7446714086338897
11821045.0,-21.918511855374444,-40.812147674898334,13.785582737717775
11536259.0,-7.705865487799416,-2.049902444217518,16.102975312762986
11755457.0,-39.56701962438057,-40.79596346576898,9.696081514699454
8341799.0,52.56379962889355,-19.8735579680335,-25.547197123798433
11594105.0,-20.26973718231357,-11.162419946758938,-25.322283000051197
2430739.0,49.3948969439756,-18.638968827872457,12.234021588098976
13824487.0,39.25919741594801,12.255879650042406,3.858579277522982
11849578.0,2.5380027954606743,-7.391545557590511,-8.509683034312095
11825992.0,50.49498891340585,-3.7694402281136177,9.973993102056575
9719374.0,27.88478449866528,7.265974872361513,-6.659081025645747
11603650.0,6.513483392750233,-5.033188002025047,-15.113948508943365
11852490.0,50.97779352829296,-13.816510912647063,-21.682288849066367
11623555.0,-40.872021945689376,-5.136346370819568,6.8214327844000735
11331033.0,-30.327475005025892,-3.9823202730964447,-15.26699248081194
11433100.0,30.32275368677093,-4.357253657992718,24.736335117463984
11797561.0,26.740551419723502,-15.430685407817645,-27.20804943240444
11740130.0,3.9425359151108066,15.079018691380263,-6.430509167050838
9607017.0,34.52252768290189,-60.695957065896366,-14.817158115362211
11159784.0,-39.244108578315746,-13.439949784905336,-8.536733692135398
11666849.0,34.155001437087165,-1.0054065179767406,4.512380682035225
8131927.0,-24.107013112555,-3.1790531589030824,7.085335439695733
11860291.0,57.012963169007115,-59.75853111598396,13.699938097094652
11854718.0,3.6504194589114167,-3.081740273767684,-6.560348737042909
12656054.0,-36.43123524947515,-22.049658639011625,9.426387519520723
11799711.0,9.089290969986246,-39.56522716142779,17.477945896409707
11602305.0,-24.70295657092246,-25.60350581085162,-12.071889805968745
10336451.0,-19.707748578287088,-71.38227048026914,-18.844386470956877
9183789.0,38.08786886696225,4.740938357742853,0.3746381441444222
11365173.0,-3.7116400779078567,-49.34431023958665,19.903417126581076
11408303.0,17.357379246921752,-73.39320255927676,-13.92020160219489
11305744.0,-20.59548167458381,1.3774156034057699,5.785433386783407
11800460.0,15.002804087177724,-37.4352338751752,-26.12850042274536
11406492.0,-11.662848913156527,-78.16452009597572,-9.459950376401856
9183315.0,37.83583650763021,5.029059259802281,0.5681395203643032
11261664.0,-22.66168876767355,-42.924509083636366,-13.420204955464348
11308919.0,54.07655994407959,-68.4371390389041,11.574340213700873
11872236.0,44.495678713818805,-31.179874429323025,8.263401226501689
10371852.0,-9.997109004343159,-13.37839586281175,-17.81789696658649
11320769.0,-21.38655693012936,-50.03355574671982,-20.772189759239392
611456.0,-23.79879198348003,-3.012480910860534,0.9817779874258836
11810070.0,18.721709042516032,6.019918575319019,12.350587616881658
11943921.0,33.08866174337917,-21.386733146959305,1.2919847929326709
10724785.0,22.291552502030928,-51.50019001606549,-16.893783772471156
11692267.0,43.12350519829635,-19.488289022232276,4.148832073633116
11705011.0,24.852332398741193,-58.322305007730996,-4.58187743079432
11635804.0,53.50796823374457,-51.703117077630246,15.916354943287597
11588685.0,9.620439145054219,-49.02669286511586,18.221153919089964
11399677.0,-26.908381025166797,-32.99750554415513,-11.91464371150018
9231886.0,13.82817954541645,-74.14714265925981,-24.468457211098126
11587051.0,12.04786455475812,16.60248305095179,8.004017802973028
11721494.0,21.149263914672083,-17.57206105116675,-23.2295820407708
10937505.0,-27.29200983398232,-22.746047940087575,5.5020862856439
10661222.0,37.28483576448518,-5.024511293516717,1.8959203047962077
11429396.0,-23.995556111626428,-75.47239898595065,-6.084006621947412
11833392.0,49.17261040720423,-11.571981606570187,26.6671231172068
2829625.0,-33.211616732141586,-19.5749327659774,3.7390950926325965
11306137.0,25.286771003768642,-79.29354002456114,-9.438622838489058
8388373.0,30.596428784138972,-43.71657212328834,-2.477978489429608
11414198.0,38.274466135032384,-15.531989733077294,29.623262876779357
11327399.0,13.635067249805605,-31.41180712455571,15.609422276940748
11702463.0,-13.741760333975229,4.30602440435587,-28.883932341209498
11194268.0,23.038764643770183,5.227720886463665,-1.2566437407752504
11416611.0,9.430423506294492,-61.59314141480082,-4.827327937684704
11298727.0,50.74624737050787,-49.693399801348576,2.011366475405751
11846822.0,40.13725382277777,-64.16052214138041,23.180837310298692
11691508.0,-1.6772563572261157,-18.821319482265764,8.790253793332385
11397800.0,45.22662134040077,-45.250541936483515,-12.763553121560815
10489944.0,58.08054512216197,-63.31492916195352,-12.294458421869619
11640869.0,-40.424016121650226,-52.76674917506674,3.614141686158351
8363536.0,13.256744823150765,-73.43908443675276,-21.720917877459655
11712406.0,-5.628312283899727,8.933151789217339,-6.929658145434203
11330498.0,-34.28442211919362,3.1848595017659287,8.420060856180264
10610438.0,13.701814758817731,-78.47941219684242,-14.510740099345318
11707404.0,-10.32429334685353,-67.76745972199292,28.028661967031457
9325389.0,12.639416016713426,-44.79658850024372,0.7500375899388576
9532695.0,-33.19702134696228,-46.32496014264658,11.341922401833994
11735719.0,-34.48944356440399,-74.95929738293349,-1.9950192014386197
11848739.0,-0.6257379416717844,0.8046414014254261,12.38126199570487
13823711.0,-40.39398667660882,-27.453680944053474,11.670382201398738
13293366.0,-23.403805540714878,-2.939457010906495,1.3112356071544762
11599889.0,44.18374737879673,-80.80800408067036,-21.513218614744776
11611466.0,-0.8063515960424188,-24.0488063501722,-29.947010592589393
11356949.0,48.34763903036245,-16.936558674051895,10.763713535200772
11835282.0,40.191106115204875,-43.65764863593899,21.606762162376775
11639790.0,-10.45530678447492,-13.824054487791004,-16.53390990686161
11620299.0,-29.610114219417767,4.234006357244445,-7.618688455534123
11788010.0,-34.502623454128226,-28.25132721194643,-11.723004962111654
11370621.0,-0.48287072706967216,-66.06721375259667,18.004152371593705
11324039.0,51.279449966583485,13.733963173878822,-2.912823264635238
11771288.0,-26.897798852021687,16.225190374000352,11.943894124826937
11250696.0,-30.17748330215289,-22.674372253458785,4.039397902747863
11660918.0,-27.861688247531912,-78.59177590057939,-25.93700752751769
11777876.0,-7.207528270800421,-32.5088172711524,24.73527385517265
11671069.0,9.176191876194544,-64.43786532494596,-4.171288036067221
11658128.0,-35.34055832395203,-52.01367622709878,6.569454991222842
11645049.0,-39.486212123802375,-50.10216344195681,12.097041935000766
13700898.0,42.63054699696685,-58.45761249125267,16.199527994690182
11654315.0,16.686832646618942,-34.588223637233945,8.416993848868715
11186952.0,45.9667206441183,-80.27651881651407,1.7824924487744465
11660447.0,-32.97580520423739,-52.41689741953228,10.994987126812337
8519392.0,-9.351258755680297,-18.849295795313935,24.448549961023094
11341666.0,52.57816142833511,-16.77308768413803,1.3121704881722422
10937984.0,40.13309992869728,-40.93612663766911,20.187343593537413
11359176.0,47.49440012668678,7.934625724581608,8.734264080568366
11637086.0,-18.34864232636941,-41.97627995151477,16.124129431435755
10275131.0,-29.99938308785311,-41.42109087637434,17.256797385147657
8617680.0,58.71629610459749,-11.999102850755897,-4.869114179254646
8368823.0,26.305003387155644,-10.989773831038308,-18.06371661745345
13739420.0,11.301546334169695,-70.12866076617678,-25.992524573575942
11657469.0,33.74741013342416,-16.864359957790377,-26.5339269186827
11748336.0,-17.354826028294152,-5.2333022448179545,27.735299126928133
11422253.0,50.225438939709996,-24.267089218129207,27.877972477281787
9454254.0,-37.53974386260167,-7.7847642909782655,0.5775304775969947
11584770.0,29.064012853710565,-54.01017905721502,-9.933274029045636
8879553.0,-31.369201867664984,-41.61899449754957,20.070915765911778
13730374.0,-39.238733571960964,-54.161491537229466,27.878853794599465
11652586.0,57.19528501776859,-18.902847723730524,17.720048862025237
12192715.0,-2.224796619985281,-75.46845613585486,-29.381659896702537
11234943.0,39.24034932796901,-45.03970541432737,-9.536037249342153
11414748.0,-22.639598672645228,-62.55248275896835,27.254536127822035
11293757.0,24.554071336755094,-45.92578491897256,10.18148986856058
11791077.0,50.93312463323108,-22.091135596884634,3.8205254237476343
11744162.0,-39.66930906150254,-33.7585666364805,3.6861014026970587
11642075.0,43.67249067380732,-56.21364669749759,16.826226573930086
11286582.0,-24.610782685039208,15.31917844941234,11.630749072317576
11599169.0,-25.60307536573323,-77.79190399102251,-26.167229834848833
11591454.0,-29.54984684217742,-35.103528330756134,-18.247141997571703
11191609.0,-3.6833440663821206,9.675825306981578,19.937641127002102
11329315.0,42.92870923233334,16.528644120089233,28.072082802489273
11408906.0,27.60136899419188,-49.84696980396808,-9.327043767887137
12164584.0,-2.6985951719715855,6.0302392646747185,-1.8347816090511113
11734629.0,53.282272556912915,-18.951439836805775,-17.64572499508435
11630936.0,54.180993975542066,-71.65983930162433,5.330675904109872
10864885.0,41.69352221971356,-73.24804049650898,13.753624746744617
10965204.0,17.506791061656607,-56.55121902948937,-23.159657863736744
11170167.0,56.790230846652506,-26.811580596268183,-21.756591476226262
11369975.0,-37.7321369878371,-66.1631009897799,26.424797555013328
11756738.0,-36.97694368165184,-6.534590000537352,-5.187535753869113
9618139.0,-9.973626424337052,-9.842546722159849,17.786584256971427
2804983.0,16.878060682344675,-6.978348915455725,-12.16395369708526
11119148.0,-13.958411380914132,-1.9216635474620078,3.546808492476861
6588843.0,-27.437146573833235,-4.267187942619866,2.0554856188872943
11307670.0,27.857957084362045,-59.268182993169624,-12.792761267481948
1703010.0,42.66142027319023,12.019516068875305,-27.70933171537234
11613172.0,-12.16639359014709,-31.632636473260316,-6.210437068154873
11642690.0,-7.745849518088546,-18.9457987351575,-27.634976987926947
11705653.0,19.962735169739666,-3.8131049991630777,-15.043874292516302
11033752.0,-21.64784944504053,-5.2532283381542815,-2.6380800175336923
11687710.0,54.72563525179002,-43.35620726730075,-29.857862535681164
11103254.0,53.22173171633813,-19.145533279539123,18.328162673192978
10233208.0,38.789161541333534,-74.66136081342053,0.9938942888011564
9542933.0,-32.462622560895696,-46.504191621709204,11.417697738342422
11577891.0,52.563726281573096,-29.464513140229755,-28.009586485753182
11319559.0,-28.207190976461487,0.9509349009701507,9.716318553546095
11158431.0,45.848113378659164,-39.4582005182993,17.03519377286767
3535256.0,13.06262300018733,-78.53036928246269,-16.82066561067638
11372455.0,52.59224258764118,-2.3099534530582164,4.32636504529454
8331966.0,15.42755606818714,7.193784467003022,-28.173370528061955
11371879.0,45.91571553583652,-63.09837108779904,-23.97327951084912
11401353.0,35.850981753163914,-41.11465087268333,26.270500730476538
11326490.0,-1.3211332593441298,-61.5554486910691,16.363336562585953
8477730.0,-36.40925306907367,-15.234836664970878,-7.204752882414816
13726203.0,-34.39981365372366,-31.629047516294527,6.3040519601358245
11405906.0,37.32967074820056,-71.46981181712427,23.19436257852052
11628209.0,54.2747534834502,-61.42726906779707,-12.080665725685407
11680474.0,20.44854627834867,-58.87944890997542,-8.192021208215243
11387858.0,41.76408572429188,-3.7638741413141625,4.665624459120849
12705461.0,59.6129299989857,-13.713512984329627,-1.9202578252490863
11726709.0,54.77048253127142,-2.955275166347792,-7.342585328796172
8701932.0,12.930274796099386,-3.7366566619740342,28.964219330057965
8350032.0,13.883391664504664,8.70207646476711,-9.469553310271715
9324829.0,12.857045329150145,-45.200334057298186,1.0410550261159717
11649659.0,12.398140077672075,-84.96587965828776,-20.47799976917009
11321641.0,-4.093057804555544,-62.616381004958484,4.050127530125536
11220876.0,28.14952065998618,-18.387340144973038,-26.334789125355496
11953003.0,13.98662552657492,-68.3398834896477,9.571288595516823
11046684.0,18.959549544013445,-0.6581849536619311,-17.332120878058888
12147393.0,14.275222045563362,-46.85438954482035,-4.228776517338453
11685786.0,0.5451206889903699,-1.5061808677711301,18.988840046400995
10956731.0,32.44897221490026,-62.007970554179714,26.339525407872262
11018599.0,-31.784509318518722,-11.24186217911639,5.565553746480433
11173176.0,-29.570655960943917,-10.474575061689935,-23.92640932985963
10977746.0,18.05515824155266,-8.685508775467772,28.776706682184237
11423653.0,-4.478116296270897,-82.20385906336129,0.3941655375990205
13852621.0,19.920846289241723,1.9823098471189327,27.697866593645312
11626088.0,18.060438358318045,-45.29955280130125,-13.93583671509543
11605275.0,-6.092226834706733,-16.892839348411567,-24.03277669997655
13208982.0,-6.067699311793242,-75.01350518741594,-26.349787699951047
11712918.0,21.185966462608064,-71.37321329450491,-17.160103677734497
11820405.0,24.81999705373489,-42.31773901348513,24.5932547220761
9477644.0,-34.455402479719474,-4.933132899327667,1.4293433090300343
9452955.0,-34.362427962924535,-7.124531821058861,0.999288577385157
11342245.0,-2.917135190235618,1.0223821959785857,-25.577936918858256
11154460.0,34.94472605797029,-2.254462831305304,4.279283337850337
11262520.0,47.868448087623115,-72.37660118707558,0.9498555636818615
11384855.0,54.96418107166125,-71.00260914491697,1.5771917176018508
10994833.0,-26.125281480687114,-58.4602896580759,28.284015037073903
11362545.0,-10.37294118484478,-76.99119240269904,-14.771704135042842
10750094.0,32.46622094989318,-54.65040828519831,-9.020648907330077
11595663.0,-18.20102732712536,-46.23077940582996,-23.95397544556814
11374397.0,-10.395955364331305,-8.57608951774113,16.582403124766127
8794947.0,-32.070673758208315,-53.10627867672577,14.577281572176316
11718420.0,-11.36201278917408,-73.40574784191428,16.07041763177866
11349964.0,-36.97884268286049,-19.04608643352575,4.609320164206903
11696988.0,34.55530424095575,-44.366226195912766,3.8767144067596453
11116239.0,53.19864682583718,2.6003289016882407,-5.165199826469257
11326930.0,-36.12352075465999,-13.526562118766517,15.950102008966159
10968495.0,-20.873386885026985,-47.872873708466976,10.511679000096228
11185783.0,46.18510366665588,-83.98129706504184,-16.11035941672376
9969445.0,19.885455836919405,-67.27586362423249,-12.179223270293416
11143559.0,37.45280446844593,-25.058182905948353,-26.774132639610187
8383465.0,-1.0916783542552426,-8.175474171038879,-13.779141504474554
11679687.0,13.906835725556343,-4.434310293247738,-5.08251361860883
12744882.0,45.783202821322874,-36.43527749585068,-13.580781400431409
8661765.0,32.85788843212807,-81.50229101977321,1.3038029326257483
11671621.0,27.315979541662553,-76.19196653711367,-23.94369746357318
9472589.0,-36.905935574355645,-6.555945548536669,0.01216855083501267
11094459.0,-30.826229482421375,-32.0213737754056,-17.19185142377424
11413588.0,23.935975461805796,-55.50893981509666,-10.47672387704048
11609074.0,42.77423541711359,-42.85961638923185,0.05610243185684638
13877456.0,-36.160482146312354,-14.05698783524646,-1.097308882815712
11254590.0,43.9735192685104,4.991428349774658,-24.347718459703948
11699948.0,-22.08947301615308,-15.905713603043814,-0.1261007220359351
11291071.0,-20.525597966796962,-10.57934359868869,-24.726868424417027
11258117.0,27.852437270645613,8.997872586355813,-12.601246015019134
11424980.0,39.95825538058052,-78.38002099110008,13.248189970898906
11077743.0,29.502437695322744,-28.408984902697064,-13.025313252215016
11282849.0,-35.464795058365645,-41.80580338709612,24.531358579386218
11685033.0,-26.790628428414802,-24.126514241775876,-9.344919761418623
10455028.0,-34.310087022595,-35.95042108203774,6.164985575212417
8740598.0,0.45742310325982904,-53.01721125756783,8.02067324950682
11339727.0,31.738474577395902,-74.69485280885038,-22.128720177550164
11365707.0,4.071960595665663,15.838873895170735,-8.107006606789955
11300714.0,43.63326180949984,-26.23318844330563,-1.0091111661882355
11168109.0,4.842295223900371,-5.208931740849626,-28.213716108219515
11607543.0,17.201202206962265,-79.151822492775,-12.855180986699693
11421565.0,28.001329059461447,-10.424312129888001,17.697376665175064
11352955.0,6.7627117252541336,-11.596818937088498,-15.30716548154247
8584248.0,31.913083782057633,4.619147386292086,-0.689615562385486
11301221.0,57.25585490704129,-12.487510851990605,-21.3458976141333
10929771.0,42.00779070960149,-29.083624284359846,19.756938845221327
10512792.0,-28.262980786942748,-33.85603626167797,-8.027420068497852
11324521.0,9.851453641072544,-55.57441112121581,17.216261599393462
11221494.0,56.142909509358276,-27.35977930925062,22.30241301619792
11727315.0,-23.559813968263942,-69.24617221749548,-28.648009793629797
11578890.0,12.465927228117376,-80.01968280239889,-25.62531787530171
8534330.0,11.939797297359172,-16.578550319697758,2.6626090041715904
10921003.0,12.019511384668409,-3.9380081712550337,27.052091560265136
13698384.0,42.4154283175528,-57.123681829052316,16.273527550593684
11325106.0,-34.71018288550525,7.301065532777042,0.9168060711378034
11677211.0,30.844362840002585,3.7322314922351225,29.895868063284595
11283465.0,13.944309289510265,-79.7816697426481,22.67634308442232
11361114.0,-31.312485932123188,-5.2011132439312195,-1.7513890352395345
11427972.0,28.126180903611406,-30.50993109201284,25.7067706280088
11392396.0,20.733001911614654,-60.11717770662998,-12.805362550212962
11348283.0,-22.456397067969984,15.43132332643183,-13.691987283858063
11270717.0,-35.8054797775473,-79.48655270048393,11.084978496112809
10490532.0,8.858542215895488,-50.19342416069801,1.1568046755866908
9875744.0,19.71631639108147,-39.49308198714245,-17.479100199716143
11411868.0,36.47771258932882,-15.609877727959168,29.481259549533394
11210451.0,20.18895003898399,18.20402863277437,11.37729138871455
11350650.0,10.129140025921854,-17.81095761848494,22.182933231230123
11397117.0,-35.98451740903084,-18.21855139812043,-4.111917173008551
11636351.0,53.40328357183705,-3.227299275633144,3.4722685530473623
11380854.0,-4.983879815571768,2.7430475572594366,25.27038194726903
9336486.0,-28.991922755695278,-77.85660089818302,20.545302164952147
13800732.0,1.1861088139395664,10.396921024066703,28.68593660146044
11245249.0,41.96091812684798,-55.38793185344875,-6.836369551300077
11425772.0,-31.65193431967076,-73.56192209055433,20.804048842858826
11257144.0,54.96412812940282,-25.821557079085327,-18.550637626697977
11351209.0,-6.177840166105165,-61.577646577117086,12.445847827990077
11407036.0,-17.054999471609513,-4.2779892788705824,4.207987483330594
11618900.0,54.015727035195404,8.87963736089015,-5.772550602026941
11401877.0,44.30112742493584,-51.3075787043005,-26.933948825070676
8673392.0,-27.072767988141774,-3.5177740840103615,-0.9859532438253018
11175823.0,34.53543222478215,-83.49821902734902,-10.934362374211116
11172656.0,53.66308849023238,-29.43385580739026,26.088363414107963
10170114.0,7.518102939943065,10.34116109572659,17.032136878469373
11360296.0,-35.003307618715,8.364898788454019,18.841977278829173
11593275.0,20.467790422754472,-33.6961878204797,27.167650390720443
11328499.0,56.42971394860245,-29.118750771456046,-27.0690455478074
11155490.0,21.050453399239235,-74.2827713693764,-13.057960387181687
11272696.0,44.377045221903835,-72.13586617608958,-27.736878521900532
11320212.0,50.32957343097767,-0.3059648590961359,-18.382860157752674
11598127.0,-30.273748230354226,-72.03762703713451,-18.64513403246817
11337332.0,-28.056884628487218,-7.286655801009904,-19.973877700356482
11490586.0,15.197565103047003,10.63055604269628,-24.50340708781874
10767283.0,6.967728553364782,-25.294291868729506,8.227298811635217
11342885.0,43.23694754929727,-35.43027743741037,-3.647549344381286
12752993.0,44.8239684166346,-21.274819601769995,1.9261386206006534
11295928.0,37.01332973644753,-17.59025091258935,25.43551625504422
11345344.0,16.574828724449638,-6.176125306296947,-10.96603899539219
10900301.0,31.049068313990034,-15.695951254473455,1.3567838838506834
8139480.0,-23.40550585580971,-2.1203505335302486,6.378101746703548
11577130.0,40.856904448436644,-67.11173686426856,13.737379068408227
11208623.0,3.701175370897631,-31.93813366227691,6.183043623464347
11537569.0,-7.029752965097589,-2.8392373756685654,16.04856578019786
11777183.0,46.38627105018963,-55.54885479289171,5.498126734312422
10924004.0,-28.972032427508434,-2.9935580946446168,5.751541021882128
8126917.0,-27.340689890186166,-3.585502886934152,6.162970610219562
11380129.0,-40.75773857997875,-28.230605909454187,9.360878508130567
8117170.0,-26.700450652789236,-3.3990414807415714,6.058069446130057
11581940.0,34.72067078659149,-55.71962863433557,-5.433723965758563
11018007.0,-10.692621619395785,-71.5306653280562,21.810030646430043
13785720.0,-3.9009515293919645,10.380619674322402,-3.7005889624915542
11186326.0,-17.548416175655728,-41.76479945150655,14.529611937936469
11646450.0,-23.100293420534037,-77.70353238100071,-23.66018573103957
10774346.0,47.75827080407796,-40.32992477203083,-16.77866633873584
11269144.0,-7.225137305417048,14.437342990410553,18.28928419303766
11339148.0,30.029889943401415,-31.60994935506233,-0.39715310820552485
11584051.0,-31.26160025906279,-56.28188436825499,21.780128721838715
10960918.0,-40.75912480196812,-69.14566709494335,8.988055678712081
11376604.0,-8.262300181629863,-4.284377232471321,-18.688451328241833
10849165.0,41.926413047061864,-62.97244894356568,15.628376750781186
11417224.0,55.1636134619615,-42.61421214422907,0.44767019778295136
11281282.0,59.28445355195454,-84.48134194751836,-13.658090821980014
11424253.0,15.327541917317513,-36.32216491382949,24.176610813047432
8451343.0,12.876980582899318,-75.38934287636175,-9.177335383082257
13705414.0,13.467867176039412,7.86924118560073,-8.713906044951738
11193008.0,29.888700303817394,7.903113231583488,-9.049609591906885
8667712.0,-13.038326351694783,-7.452892418223957,0.3665449728760152
12187582.0,-1.8731938165226745,-75.33038249972378,-29.38781412969842
9102585.0,-11.713058648504779,-2.5088876479300324,4.257682073806466
11452247.0,47.12299073316201,-38.315248010595326,-27.503681281592314
11172180.0,52.71355566145697,-74.08429400950097,-16.151900302995593
1419939.0,5.270013223602877,8.337986814866408,1.8294294184419002
11275505.0,39.245468369462344,-65.23410147363778,22.881858560209757
10919442.0,38.30739245223498,-25.01407836688991,-26.555959283926946
11130420.0,24.949543046478194,-53.459961506296914,4.505869577087896
8121522.0,-29.83894895134295,-1.115012998021375,6.085093720020604
11064650.0,-40.121612386338725,-19.416521629357497,5.270197174093637
11335308.0,33.09566242964384,7.496463051459179,-2.2694137514613004
8317334.0,12.80404948553219,8.465331877860637,-16.8437022846458
11393105.0,51.72588582770098,-75.29686888685042,-9.407728658893152
11363231.0,-36.98186993220512,-52.092241356893126,3.1535519590541776
11371235.0,-6.239622533405467,-46.27888130345547,18.602678513749524
11222151.0,29.836282077995264,-43.49098717558207,-4.003141361230926
8327499.0,48.12189096066099,14.160015610164866,-21.736911855498796
11231404.0,-23.07524797970814,-75.1327115178694,29.745805866846432
12204542.0,45.08177372424654,-0.8079515769388546,-1.7829860702356726
11297523.0,30.682988227528032,-77.34624042827815,-21.322769389163152
11083869.0,13.063069129253364,-58.10726597597532,-26.306327458343738
10416105.0,53.82334656375063,-65.77242695848155,11.418971773454745
11382071.0,-37.88060687236809,-37.51085856767747,10.89528900525316
11194702.0,21.223404153723305,-13.86451946062694,2.930395297505009
8627596.0,26.427824852769298,-32.53135594552021,15.40758740945614
11340434.0,18.723464209709736,-1.642519775727307,16.382566213894624
10815707.0,-35.26628515085487,-10.45097359393113,-16.754903754949005
12122358.0,38.815195828842846,-80.12125331596918,7.489941048417979
2960246.0,4.098439900006761,3.4723688975542855,-7.673348874061729
13807861.0,0.9417845103300931,-60.956006065741704,13.926513860834099
11232521.0,57.48403993710844,-20.66569021204748,17.869819183656453
10601228.0,13.687328726093194,-79.05826998316391,-14.937532581684106
11074052.0,58.246625813347485,-4.868125498326428,6.988515485505132
11239123.0,9.753673217680667,-39.82462396001485,10.402620410257686
13781758.0,40.63647264790986,-21.63223079832217,4.714205806567956
10761666.0,39.603981409882806,-27.114065284784537,13.121204642151866
11108607.0,24.474272278977676,-24.860164135737083,-23.197443639826552
11582536.0,-37.459305004209156,16.641972915917137,8.140616212153251
13774055.0,-2.8747182784735528,-54.84445310773532,9.048066437485723
11318263.0,40.371119705662935,16.550553664851158,-1.0363065507146483
10212409.0,55.97956340523849,-20.943348204710713,18.885370042896778
11121896.0,-9.706168358607469,-13.43291586036205,-28.048234703521764
8095973.0,-25.431469306218688,-3.473558296449464,5.802481911698604
11377864.0,6.180961898924963,19.487609526097156,24.140751743595683
10560687.0,38.25711721074341,-5.711527336561129,-0.44216371218470485
11062354.0,-35.31705913412518,-53.04344868074132,8.077658043812363
8308232.0,-22.70758242719987,-5.07534932548359,-0.3244191000239587
11204619.0,-38.957411844241285,-56.435018149843955,3.8625556530666034
11398441.0,27.822187199203672,4.26923378564306,-23.540746016065462
11163859.0,18.921183064073002,-66.63573618511482,-20.452789809812376
10239638.0,40.625564714997644,-66.41951991616841,26.421626685043414
11285879.0,22.458116938544066,-27.929679238083345,-26.950008560311502
11135763.0,-19.44428260113542,11.789536295555662,-9.208302675300267
11114249.0,45.12025189259915,-28.558498783220372,-6.1788229256749165
11219587.0,-12.706198440780309,-2.0281041616984883,15.693991179821873
11157813.0,-22.081962730895327,1.1950659662494783,15.608612360317792
11363859.0,-7.950269459415212,-39.25904059818449,-13.914200707184886
11069804.0,22.077622142212945,-60.016865957536176,-5.515024354709993
11278954.0,6.7901879276181045,-62.23586114726592,2.2951690890390246
11260842.0,47.592619591319234,-36.01923440604532,-26.448109675176518
11364492.0,61.56723563746669,-82.09763689970417,-24.292185401457726
11030846.0,43.189308939709456,12.746925581219756,-22.800798724465444
11253095.0,-17.937687294888892,11.794466401053437,-9.351861150273733
11188852.0,-11.935124602048846,1.0566018039691358,-1.3939936490830112
11222740.0,-31.14447367238888,5.223862134013315,9.270880203027604
12148341.0,13.885505555399744,-46.54817453407099,-2.719076306579928
11299239.0,34.10426866366335,-26.834170606974407,-10.04653075591693
11230309.0,-5.86464210608528,-29.803285286437344,21.353166251464508
11309515.0,-33.473149528966175,-49.87416643294787,-6.19961001366056
10786586.0,11.678559231313578,-25.54731834875218,-7.68898950360178
11126205.0,-35.52336388559312,-42.05629390000602,23.78056966131964
12654694.0,-36.728711132548185,-21.81172817418753,8.301744098806626
10384627.0,-33.952757984449015,-56.422677853888054,22.451607319248456
11106359.0,-10.248996501530122,-18.814913836247467,18.61918740416989
8285910.0,50.867636818892784,-5.1398666516638825,11.442012865035421
11151897.0,-0.03008328336542715,-31.785150136971748,8.008197505763105
11250028.0,23.80468370985767,-74.92296445393562,-11.438590199585226
12742443.0,45.85573830498346,-36.559879006688405,-13.714532375048723
9945963.0,44.30653269990093,-38.637419857875436,-5.329230955170486
13774873.0,-35.617049463162886,-23.21291111416037,4.318967672483802
11357490.0,-23.356571174117633,-5.269888603761565,0.48063631389622286
10958461.0,37.65461691049902,-6.6059568758502,24.703565360416828
11226784.0,20.75219970365613,-8.254535134697953,-8.7839586361711
11215016.0,11.312735560911696,-77.78181735903095,-18.7616411476194
11264492.0,54.9031638444449,-10.066018618539315,10.480309929416705
11236223.0,42.083574998318355,-20.21260122073852,9.01706012909537
11428625.0,-14.14740742834164,-77.13721617216451,-28.743676110363108
12746617.0,45.78136198110194,-36.753323369411746,-14.050449223279701
11329697.0,-7.68896483738142,-6.103350535359343,9.852922555413317
12669729.0,37.29415413612597,-32.14004722131165,20.021452317615207
11683744.0,42.45157403742259,-51.20592075392199,-25.121781536567987
10941507.0,-11.299146714210947,-57.235083151909905,6.773161085802047
11388925.0,-30.927929141123666,-26.51979661963624,-12.246269662031585
11368605.0,-1.934760247953845,-1.3250808436217207,-3.71058757742256
11347177.0,31.062332934230035,4.559457922950205,-0.7080249764878208
10952554.0,-25.514255453433698,-5.221725680912322,-2.1043436930129107
11010477.0,-34.90957797545377,-39.850887294111594,27.067398596584272
8786766.0,26.8676294401385,-77.50902356416779,-25.355586673616173
12760724.0,-28.75468014070479,17.46441628126906,10.24407146621586
11174286.0,34.30573731053762,4.776538394619284,9.3624253799506
11334241.0,-30.319940499587723,0.19838476635091018,24.475944756415714
11109377.0,44.94515524776485,-33.77362919665984,-12.951057544672363
11162918.0,-9.918738425540859,-74.8328804067736,-23.733259271047423
11314718.0,30.446600092288975,-10.699461286153143,25.406313817997837
11049166.0,-22.70058390748722,-15.017059124895145,29.221934611237728
11080835.0,-12.565527921459847,-19.47568227483295,23.135424223426128
11173662.0,38.57924493234431,-33.527646970453745,20.90226685637786
10803441.0,53.9168331129945,-60.355140184932864,12.456537579018395
10397281.0,17.91815670884964,-51.6843796954879,-21.612800286665877
11099642.0,-26.191495788804946,-23.187478542731398,-8.750552818501895
13662383.0,33.57608178180698,-5.607184924114581,8.962447124615014
10206535.0,-31.522831964958566,-64.29240982204658,10.112266439240855
11218299.0,32.69975723428843,-16.272252722628057,-25.657273168793427
13624664.0,35.497217256075515,-60.81337289517338,-4.492212020139883
8639841.0,-34.488725971534556,16.003624316147313,14.923992396075294
11190912.0,40.556413870146535,-70.54241625320914,13.891719189048146
11093238.0,34.052405229618515,-15.809183328823364,-11.913058381299933
11273278.0,38.59325274935181,16.686800397664445,-0.3914967307686932
10905930.0,28.471390546480325,16.032127493926062,7.347003356941337
5321933.0,45.928432544445556,-37.481435078464685,-28.543387076414646
11276283.0,-30.735835077939445,-5.201904061818509,-0.819510390454592
10355898.0,35.61456642674223,-49.48566042718095,-19.19885442670004
11164348.0,52.38788405026493,-1.362325576963618,3.599054405215697
11205366.0,-9.46634841799806,-11.82429684397316,19.745731148832938
9552227.0,-32.346873263366305,-45.04538814039831,12.162837405549622
13706341.0,13.716343784879776,8.36531119919142,-8.268587958513153
11078389.0,-26.01772877599834,6.282708206555181,9.200922622815254
9247774.0,45.24305473007326,-58.89703532064282,-1.3794828453634196
11244645.0,-8.203712908481128,5.954786759390358,-4.160351507342568
11455096.0,45.66345068800368,-40.58507978463677,-28.09053370363305
11311898.0,-29.21727060305899,-74.34161700519348,29.735005639514227
11103985.0,-36.50318925926851,-79.43528659790601,-9.499972312370645
12186189.0,-2.466485494797787,-75.57572123304848,-29.40199460995758
11000572.0,40.81475936217374,-75.574732267086,20.625756411331494
13871598.0,42.67563634380979,-33.912154955992456,21.451184062454363
10789075.0,45.7559204866849,-77.97946586635692,-1.4633850558803552
11237274.0,-37.53202992913343,-60.022027557553194,-21.511075050642003
9939753.0,45.54420460198997,-42.86774844775403,-12.250316592479212
11124419.0,8.670848454376486,0.30091052893960724,-17.187859585850983
8112693.0,-30.89819641010784,-1.3965179541865245,7.268037166073534
9546367.0,-32.55251486684734,-46.5442403469616,11.230650692983893
12127248.0,38.535758667324814,-80.22737528218973,8.808640014884183
11168806.0,-26.23739157066714,-69.72268874903004,12.815434707778163
8722918.0,-2.031408354954328,13.474868916711698,-5.201218424342779
11295192.0,56.97053112684021,-50.316549529372026,-21.724540872210234
8535365.0,-22.31002996529047,16.21316058192142,12.19203843883302
11383518.0,34.28766590544374,-17.22474539436411,28.466143536986635
10784236.0,56.3727634183846,15.00828540991094,-6.765590808220085
8578291.0,17.358814238352032,-68.80697204091537,-14.668740410954575
11138014.0,-38.07434379499088,-14.68252598915583,-8.631773525334186
11132903.0,-29.144736686113127,-6.574082306842513,-25.600744162290887
11066834.0,-32.96136300992277,-4.887623634056536,-2.492793264637187
14325085.0,-24.502031669678306,1.0548245323450938,14.277483554539671
4561774.0,21.05428897666681,-51.84847887650105,-17.000919108229606
11019977.0,-14.356984432319678,-42.30781319820341,21.600716995216644
10295802.0,-0.03558913248719109,-54.169741626532165,15.091951763273876
10429589.0,1.9109698745140657,-14.453868977575063,-27.287895458590167
11009045.0,45.05350762788779,-33.344853236446966,-11.445095055689576
11325699.0,15.615891758708733,-62.12641617178769,-24.704930009136326
13806973.0,-13.148849964324636,-3.458182738737053,7.124697559427525
10644457.0,38.83350750940634,-6.765046303837961,3.375797294041554
11259013.0,33.871960509290254,-12.963934342095278,-8.808021692697137
11140212.0,-41.21282650287855,-60.93673548133474,25.39140561006684
11055505.0,47.82432193033557,-37.75369803616124,24.25824737844386
11160370.0,1.5469154440745525,18.310372253477222,24.02720906857115
11051667.0,-3.6015018569961184,-48.026247078165106,16.96261960929399
10959128.0,23.334758650026025,-83.47209992933834,-13.294267102580694
12759146.0,-28.40788127627679,17.94866685991275,10.379038546275067
8503366.0,53.02407567079988,-71.54187752672462,8.327699016435336
9862505.0,55.16146834033006,-39.887990982430374,-19.51175401223942
10419779.0,31.28098862250739,-81.91358320217299,-26.191018690824457
11213282.0,-7.157160108821296,-1.588928149924108,11.166810300403476
11123815.0,33.34235058142063,-57.006102546025915,13.059073199687337
10979353.0,-39.0080641818566,-81.27041080294315,-7.813716724944394
11136374.0,29.19035876188631,5.409078075862155,-24.830013105958596
13876412.0,-36.274750485389234,-13.570535903319652,0.2568032909770608
11054743.0,41.583363366190646,-33.59628366083079,19.992921749193165
11248899.0,-28.548519023193617,-1.6682527254059747,0.21500732827338087
11251563.0,-25.3292391566408,-2.5874671126423614,3.597672516748188
12125394.0,38.719491560705755,-79.94178812855516,7.740854740992932
9856106.0,-3.0201832661950307,15.686116429491205,18.05367249369707
11114870.0,16.626620664607355,-80.1224933532462,-12.667792675508439
11305134.0,-19.963735262752067,-46.88196601840529,22.817433829959178
8156550.0,-28.739674086591982,-1.3599403867869497,9.910296315890948
11242632.0,20.501177846240154,0.36157784454056774,28.23669293620393
10893681.0,-8.513380940531686,-74.64056494264503,-7.496511274894168
11033146.0,-33.650875672768855,-43.4074391136207,29.120473770855828
11030212.0,-16.875625514433295,13.605136641113177,-10.132158325095931
10310125.0,-15.865448006754628,-77.15207416566608,-11.085473190570234
11246631.0,-23.45937749647214,-75.32675276443216,-6.354531440774828
11270047.0,30.66803061420967,-54.586557334562606,12.561182431640031
11004849.0,-33.31939702767365,-4.021806953546223,0.8637624040591123
11109981.0,54.89096993843344,-25.00689194696075,23.842164810396632
11255347.0,40.38844963518686,-16.852385450955275,25.140171927870988
6630026.0,13.777648700046312,-46.59807400798675,-3.6071227994828643
8321505.0,-19.124664303116546,-56.227736209080796,4.31534391275786
11271398.0,-33.900233792843274,-41.99957167222494,-1.6008676937128965
10970450.0,-41.09623153091111,1.5957684243804737,13.182827038969346
19291688.0,35.33343971749492,-50.393596507133566,20.340859861545063
10453374.0,50.79169061724891,-67.73584837614113,23.188276557061137
11140837.0,-28.172029535612918,-3.506698592319667,4.132660050018657
11097941.0,-26.396402124094365,-51.45061284943863,21.689772882892793
11206054.0,15.497682800710706,-74.39250271147729,-29.03342395696857
11336027.0,12.572578047951168,-33.349102074454514,-11.794289033693735
9930409.0,15.00800147123844,10.022938309113469,-19.999289238762472
13246030.0,15.188734558775431,-85.2165462380113,-29.68621933088621
11148029.0,-9.14809231501689,-18.71556636872721,19.945744784296714
10791263.0,-11.60209797003056,1.4936967222251036,-2.5098038948467676
11303612.0,-18.03480260487475,12.770065757796102,17.836517795116492
10991126.0,60.33501562326575,-60.36434968476721,-10.790464128030756
13689181.0,-39.56044918734467,-24.147841155240666,10.152892105604757
9232695.0,13.891166797584908,-74.18229621356208,-24.191613658452532
11207827.0,53.66207678488276,-23.996383691132813,-24.59302755116532
10096636.0,16.1966505410998,-35.606632136854195,-22.13715186526518
8362460.0,13.906167979444469,-73.41930624015852,-21.340854956076893
10948398.0,30.647484262866517,-53.07708276776072,-11.867215985650912
12704761.0,59.04471737601352,-11.500535646286984,-2.8696560609809696
11071268.0,-6.43681462220227,-45.473529202645004,22.16390740689654
10773627.0,-34.07215342599519,-35.56093556005774,7.065980106348594
11056964.0,37.9076895063431,-47.426205816353786,-21.30828875333563
9530300.0,-32.720953710213905,-46.75832871162711,11.813090361092257
11082763.0,49.22369825165516,-22.75044985791763,-5.194683657712478
11094962.0,39.545522374997816,-77.44329409484776,6.4515580329788
11245822.0,28.321996330879816,-46.386085889275144,-16.55020989161251
11282192.0,54.57086509318563,-39.69125153647445,17.626500586200564
10531787.0,-7.316716743640482,-67.8353182451572,5.9452705497263585
11492328.0,14.927104639393098,11.490897616256659,-24.382619583474252
11195760.0,-9.083435971405422,-10.813986082937937,-17.18713104741609
10174305.0,42.36742573485917,-57.79347292756524,8.143632354738534
11118588.0,-10.236211423585377,-76.38115328311903,-20.52389054680776
10736950.0,23.074662473472667,-50.82944690270643,-15.709840595036571
8280928.0,-34.75310318888553,-27.215332460829057,1.8420171842774296
13702204.0,45.248274736266474,-48.369473768807396,-27.203509121032745
11267620.0,10.67453025624939,-45.7361389107873,2.1837576953928637
10246654.0,-38.450901906059386,-30.25937539590096,13.215148543847324
13795733.0,-24.46239451088835,1.6107852365472959,13.600183986626734
11127962.0,27.707348604583682,-79.13267070062335,-20.665910503700687
11243533.0,33.694899413315774,3.929295311680574,8.500795158892828
11144827.0,55.73119895267895,-49.39407861514271,3.634339223255938
11112265.0,23.229618962059202,-17.14305338102221,28.691452973069374
1745906.0,5.001950148858231,-42.48184762966645,23.686901853005466
8345841.0,15.837051497818653,-36.89369101492323,3.622474805508776
12114174.0,38.86447806608007,-67.8505938202979,24.9437699053977
13697493.0,42.4910500609118,-57.54136295089519,16.178328224244023
11065995.0,-8.648043098512357,-13.058601695050799,-20.564636160419052
9549226.0,-32.72043195606226,-46.07410602661799,12.28147418795707
11206927.0,31.62467422820272,-72.2527699725432,23.06705055907014
10807884.0,0.7929061941608859,-40.66950162268907,29.946574031625435
11209765.0,-27.319828869165413,-15.829944847386477,-24.56778142082533
11044930.0,-40.17780475665033,-38.352545842011075,20.00515105791187
11115643.0,19.077230844871902,-12.806163050307934,9.821864045106746
10292036.0,26.17085506851871,-53.75284002078683,27.285891271973227
8450448.0,31.010557332166137,-50.617398515575886,4.642673248306662
11178193.0,-1.2915655723728898,-29.014429519506276,6.105317751876843
11126859.0,31.38606895709882,-27.494657567135693,1.374592727539647
11147348.0,21.81675114996285,-78.17515306947813,-11.395524576962421
11040969.0,-32.81186356413264,-42.55138409991084,8.886940421626068
11274709.0,-33.52358144201898,-77.90934375890977,-16.88969458045777
11227563.0,56.427041198137786,13.092177607633618,0.34425431408244256
8672480.0,-27.559137009812652,-3.262871651781591,0.037184692591273105
12134466.0,33.07731138303205,-53.03919287559129,25.208191814726813
10999874.0,9.543605869157478,-16.89926704715762,3.4447902429987356
10063852.0,54.347231522823506,-2.7475256516153044,2.7761206491093637
11149102.0,-11.832631385853897,-3.078165865411723,11.028220857153382
10873832.0,9.212392212727602,-73.60675444541634,-25.045269765679137
11042613.0,-24.52252239232765,-15.65695474740938,-24.093957396166985
11129569.0,40.002335091868936,-73.36266608980237,20.18503670802177
11025589.0,-35.0829057326124,-25.974769271834923,3.2523551629250966
8446771.0,28.230800176376167,0.37262954493551714,9.674734550435618
10890785.0,52.812436728675785,-40.43458589009992,25.336923999097444
12143703.0,13.790787867314194,-47.52542815825362,-3.641539362230211
10916682.0,32.9541693874571,-23.06048151083557,-28.47157446664141
11019238.0,2.9665493681003587,15.206399859130592,17.58020514973768
8411083.0,-1.1900213796769703,-20.476892768196205,2.6864712482599304
11224443.0,-20.760213257593538,-8.987345365813095,-22.211167007441748
10374999.0,42.51363726097453,-23.13744706458122,-16.09739095313936
10760339.0,13.57704494124049,-63.648158457235446,-9.82216196683258
8536493.0,-37.919200520108014,-32.48077172036433,17.727336914595547
10781577.0,40.17336541405723,-74.8020177680987,7.387316053332136
9359886.0,3.35590969408599,-69.76295728410355,12.492255756189333
11058615.0,-36.05197878795118,-38.81610524046363,29.037340904136276
10469692.0,44.298960144695016,-50.218204336320234,5.311812116553721
10911012.0,-6.483663915524609,-16.150990845025234,-22.645475681330186
10806034.0,7.009742934336321,-15.644667609404875,13.36016199447528
10933802.0,41.42887335466302,-38.868515323004495,16.08910613870176
12137661.0,31.56844147618372,-52.53544655970123,26.778841572024632
11212386.0,-0.2214683435837419,-60.330934092358014,5.509076632691878
3127864.0,-41.51086084017492,-3.265150028550692,8.679199326494492
11040110.0,45.0317011052878,-35.39416224598776,-15.255346357212481
11035044.0,46.040056368684226,3.333559249290814,-7.962714423334377
9097018.0,36.524249446528096,6.417311885432251,7.446640500221546
11112972.0,43.09615606566852,-80.47810643750029,-25.68139363613716
10738087.0,19.781640837558193,-50.94937043970063,-15.43276654940259
11121227.0,45.962822401335124,-31.30446239391188,-10.536513021143211
10868197.0,-6.938293203900577,-2.184607009930898,19.208948241037206
11128674.0,18.91759490135069,-31.829992167367116,14.274394234926893
10568231.0,46.172337650583174,-45.254703149852844,-28.532898669413154
11043389.0,-4.5566582299381455,-76.51949916498195,-16.80526751659442
8638279.0,35.90354065136268,-48.739959398671814,14.336144550556591
13817837.0,27.26408792467611,-10.17780626235443,-5.024483916943667
11031523.0,55.96201663874534,-76.39321140640352,-28.638125862825675
11196898.0,26.80913842615826,-56.761602893096196,-12.21179264230111
10470998.0,40.38573972603729,16.40229560600669,9.829673554455429
8796789.0,-30.210734881884846,-45.72278231460935,14.53027771993998
8101596.0,-30.994033272393896,-0.23364244528609435,6.572198026897874
11052387.0,-32.58205844985281,-54.07518706967086,19.587393418064217
10829902.0,-13.82881785004173,-44.73297273061336,-26.411376937046217
11166424.0,-34.06769592052439,-74.38356502602078,21.577521884589654
10772791.0,3.262388253598135,-75.19884131555216,-7.326491190990179
8626550.0,-27.68526681499224,-34.93709073179007,-7.8703021951898355
11104655.0,55.90755847208363,1.0581507019448975,4.09024608663286
8295058.0,-39.37131993874643,-3.758473455026977,-4.970242590860784
10969674.0,-21.556005721606,-17.704517512476542,-27.120141258659817
11137162.0,49.30328606941725,-57.414651142839986,10.083162001147043
10789799.0,31.911237611110884,-44.046603669139145,19.854710935219927
13749520.0,-8.33614990179452,-5.609902037757703,2.3874266636951846
10904362.0,42.932564739019085,-23.846682793861127,14.611478840944857
8666248.0,47.47892087765396,-82.65055272504334,-4.150400198066713
11106875.0,36.610395107275004,-72.22286774989632,-0.10902738177627391
11023907.0,-30.512787999462095,-58.021133865542836,17.459522508893397
10991948.0,40.738424843634974,-39.33240464622245,15.499229618822746
11131084.0,-29.828990355024356,-22.647846491983984,20.29665039012423
11032330.0,39.585997186397485,-17.028637104720325,-23.103476244299813
11453998.0,46.83430450582128,-39.44114803875241,-28.15732834882177
8621306.0,-5.252851421756411,3.246040675498833,24.88202534300659
9881582.0,-35.974029848838846,6.148229261437149,-3.040247621855141
11044018.0,55.33392139363579,-11.687494138454765,17.994051128000464
9243466.0,30.285470428799755,-51.845468560627424,-14.402049686279355
10481582.0,-9.124547396311899,-18.829075259449667,-29.20676724365896
11187891.0,56.573416237148514,-45.953103964858656,-23.74929584023943
9461188.0,-35.18775921403138,-7.194265828413172,-0.5846540080819689
11086139.0,-33.19536235051088,-40.98701253412939,18.079750446246774
10950180.0,5.480756522371652,-8.388709960467,-6.322592302895693
11171320.0,11.068722384226714,-18.621834422950915,1.2203698848043467
11047379.0,22.78365371150043,-18.632109364282112,-7.343023929897015
11199165.0,15.293043377912873,9.399054360252313,-17.62402849388459
10348674.0,-35.502032166054455,-27.301185100068476,4.509519997405202
9118513.0,18.87709074385874,-65.01955714693035,-9.812227357393226
11533908.0,-7.663390865830519,-2.603114975114078,16.74983552552354
11072600.0,56.009214358180884,-64.36128697208504,13.352778263886362
10728998.0,22.446253222973745,-51.381544777042166,-16.9484582385579
8732559.0,-36.12192330095709,-16.648325970684752,0.10230649101876499
10054577.0,13.851224491279273,-63.255152161336454,20.62957246638197
10853693.0,58.454170420738464,-25.08552894250765,7.795951622371905
11072037.0,43.18446290284986,-49.64174164951788,-24.628552146625953
10233629.0,4.406545552148311,-34.39787287986722,3.8178858536778137
8599157.0,12.96812650862793,-18.790093843298425,3.1921727667114035
13159258.0,34.88121176297586,-29.88196062362805,22.06159348275734
11180399.0,43.323542222574964,-15.170830835121539,-21.02451118708014
59423083.0,-24.175737176043512,-40.510602911496235,13.716438654759248
11037132.0,-32.22132614159721,-78.36091959066016,-13.223130448370727
10774875.0,-33.5879373499112,-36.74223070088128,7.711032708019036
10543500.0,-19.52003593383092,-21.50733637415454,6.376570783241223
10820935.0,-17.685366637536738,-43.79957225801522,25.032776372556988
11089792.0,-6.402260833143154,-72.43666830426822,-3.9238738020217436
11017133.0,56.59087185890389,-78.39931890446442,-7.752315055246779
10982525.0,13.641601388992402,-31.34355286872967,-15.057742283038134
9210468.0,57.88065225742416,-58.62562777647448,14.030948597810687
11073361.0,22.6197677988231,-16.738590012553693,27.484082000857573
10253645.0,27.50758563680411,-54.933219497133926,5.836163093069826
10881682.0,6.898486102719029,-17.039302355218073,5.426623457856642
11027032.0,31.872870139861874,3.003382249206597,15.160965498717934
11450390.0,47.58345403805336,-39.40479684485704,-26.792397822799355
11092479.0,-36.06505347419907,9.41222749083197,12.154357545923318
8577434.0,39.959766269034944,-56.523286781611695,18.07348092415281
10935212.0,30.210020498464395,-62.508157029693784,7.647043868264909
11096416.0,57.62751634509728,-12.602502308031255,12.069585734522786
10086239.0,35.49508332723511,-51.88210700660296,8.749877547054867
10927524.0,-8.388744420971245,-51.14520381926793,11.353652114410895
10942951.0,28.087770415100433,-17.87547863247144,-29.93036815891617
10834320.0,-40.04974476689781,-3.0125823444086155,5.158779451613512
10611625.0,11.354239455605509,-79.22361540131392,-14.758165602055582
11026276.0,39.13754027737643,-74.7935372898296,9.047589225968727
8579556.0,33.09359330037707,-51.21592111096435,0.5686568169753006
11011046.0,14.60567598033209,-34.19836226144971,-24.774559768324593
10966827.0,-36.74726667612512,-55.33183880156773,-4.417072373206109
11022477.0,51.30836837170473,-25.80903492661242,28.176678886630043
10411112.0,17.942408506008924,1.8835631025820168,28.987311545758146
10942166.0,57.32832903573019,-0.4402193935576959,3.4691494347155163
10932704.0,4.888120862447858,-44.00840637305086,17.5724995747705
8132671.0,-32.79508755344531,1.8760492162996287,8.703959407294839
9434708.0,-36.8683674413987,-4.721394892559504,2.9172178195140925
10758020.0,24.040895035133023,-29.198241778629537,-28.43117601417999
10369265.0,56.46624265167328,-77.64889016624754,-8.153871050993715
12663357.0,36.26034822857191,-32.35010781256288,20.374543361182596
10967564.0,3.4471453329022728,-57.51532098531235,10.419886378299871
11005677.0,-24.067331274434583,3.358939489557105,14.613762097082645
11008329.0,32.753723699804446,-5.4477167965480024,11.207027215933778
10883984.0,-20.83068291803336,15.626728521951176,12.667858858330469
8425118.0,6.7592637033687915,-78.94298637868772,-13.295914085127494
8125802.0,-22.830112568171543,-0.8195721182367247,6.228654879314406
10840735.0,-31.88706819410534,-5.214327092348275,13.75262928039678
10569710.0,21.55992505544054,7.072379175927009,-0.18047430539379605
11029589.0,45.60614160367078,-0.579495785608855,12.583395636877352
10379492.0,-40.05504300944972,-57.274712304040605,3.5531211891368235
11034398.0,-16.149564977236086,-45.285628017511705,-27.086013004163476
11456125.0,46.86805245608298,-39.51262279865795,-27.661897416094934
9469008.0,-36.822609199878016,-7.9404029006302475,-2.301792229591704
10567567.0,52.76564956742034,-26.895381114211624,-21.183060233572963
10466957.0,14.321984080064704,11.380174232379986,-12.074973683770034
10985642.0,10.45550968263632,-65.63437984258029,-4.086591516697837
11063054.0,-39.971795063121476,-61.67662392944009,25.58913427671566
12184457.0,-1.855217886474982,-75.02605040532342,-29.337155493101953
10900897.0,-34.97311306997027,-79.07667516939377,13.707488610625047
10989284.0,51.71555028450821,-61.797617930264266,1.853604816222246
11003637.0,29.681962685126287,-5.4576108690231395,2.953464145001969
11009713.0,-16.516012893620346,-64.33575788522012,8.389652199578466
10342996.0,29.29239553372103,-25.98120645888217,28.20924971123462
10828349.0,15.685423636246151,-5.671588660979233,-13.861958139135384
10986412.0,-29.04868697271846,20.306692247800882,28.942792025512183
10921625.0,41.7882633710558,-0.06404895618664674,0.4710276853344664
10779975.0,18.523559603458168,11.411054565176464,-20.575217543201788
9451828.0,-34.56698866101196,-5.378460990834019,0.29188404003405166
10917645.0,-4.749921317673651,-13.408678007920049,14.62286628171729
10839221.0,52.30038494700619,-59.15166910058586,11.723179616446492
13732943.0,54.90283738366869,-35.83309896468654,24.578835526827255
15988448.0,-7.202443034476447,-11.204009094238554,-12.73370992104265
10896750.0,-0.7111171901896883,-12.9059439578734,4.7433350900922395
10995229.0,-5.628525995484788,-69.77515919037594,7.117263461377444
10526687.0,39.95711582443668,-4.758438853651676,-1.9886371023325484
10938497.0,-8.854025341177381,-81.41669802812419,-29.32081473762899
8115174.0,-30.28394536308696,-2.1295685747891184,6.574659614358078
10842573.0,44.505785158109326,-31.95636331927539,-10.078265908287952
8574220.0,-11.399561647284697,-43.5247208393028,23.86245011280918
10293603.0,19.078695541975577,-33.055929056272134,2.050217498802445
10893033.0,12.796710085949215,7.424414001967235,-18.845520978186343
10931857.0,-3.443327246574436,-1.4230489833110136,19.05574393107094
10006224.0,43.07543556405895,-9.743310453351311,5.711577707609711
10953355.0,32.28099241184236,-0.3887200736066445,-1.6202908431700145
10761080.0,55.38285901772589,-7.237115128479475,12.435847029272196
10849702.0,14.007753044277333,9.478120163681524,-19.31723644124609
10797905.0,-22.32621904430947,5.162437237280831,1.171093033730783
10562135.0,26.180650579329924,-63.433237399780396,-14.060938889976162
10537985.0,41.71692414701907,-24.535165171052356,19.356855967122918
10856358.0,39.19154864351235,-74.51960545538843,20.019675468460015
10771328.0,-21.273249813126515,-5.466206412447239,-0.025203714029571556
10657106.0,35.88420676969241,-6.160488231101219,0.09186928772628722
10541605.0,15.598647334661715,-33.79606401606319,5.161123025469987
10903713.0,28.21747753803934,4.8872666692442,-25.13859264843412
10980139.0,-15.326424503535026,-75.1754276010528,-18.83934779483277
10895326.0,-28.761763064454897,-27.729530195869152,-19.694355029231474
10907423.0,12.747892558772442,-39.0370749236475,4.981838578523833
10987643.0,31.457707111692137,-43.06694972869327,19.76064185962739
16612430.0,53.17328127924955,-3.0651663631109387,23.628085878899626
10996248.0,-13.719248523358342,-42.27238980442316,22.56664682496069
11027700.0,17.853874359522983,-12.245183527153525,6.270720050327567
10389807.0,36.84845933152291,3.998986156695742,18.503640562757845
12167959.0,42.61794209090284,-19.37781600165857,6.568137363361336
11088172.0,37.886536487951176,8.342753805978816,13.135781492389139
10993988.0,58.85970951361512,-82.4795563890834,-1.1064891810480457
8632038.0,6.361869344593263,8.767014044194266,0.30124791285067143
10978427.0,-18.453115951382433,-5.718585081513887,-1.7523244460531227
10872032.0,-11.632621905685093,-3.909362851354242,8.964756218045483
10697455.0,35.93444442138822,7.465788148091823,-0.06604675127562709
10944678.0,34.77418050002422,-42.91314325890553,26.826566301687855
10880889.0,44.86091023069718,11.880771300108169,-7.483649822828521
11048307.0,30.803619802153136,-41.47034406230502,-2.040522567702224
9435793.0,-36.360967156110334,-6.590963293843564,-0.038706839844877994
11006584.0,17.317455831937362,-1.0296466470803274,-15.865961153840571
8514338.0,-5.443060653299707,-18.550648989431156,-28.480280561665364
10998813.0,35.941994954293,3.6822548019698327,20.214260866420727
10391043.0,-3.3108474594124226,-80.20540593002039,-11.764179579302205
10337918.0,40.03448421945489,-24.84729349922559,-10.446018504791361
10529241.0,43.895897762930204,-16.606044044723134,7.842244208407086
10082687.0,37.11457100363115,6.254945065559016,5.445111716972685
10896052.0,-3.849665931716366,15.242914305169622,-7.644464602297445
9982143.0,52.853451947724125,-40.04171134394146,-4.224853558566833
10855408.0,44.846254499725,-31.013948303720916,-3.681013922606658
8322066.0,31.651242592312393,-73.63152253644697,-20.90662813024354
10746851.0,33.47319766999743,-54.86549446267487,-9.8419426886779
10887247.0,10.321612121101918,-18.131800620435246,0.4167962646340442
10859654.0,17.729045053197304,-31.36404664322499,25.941046784397603
10777541.0,39.16463423344288,-3.7628284408655412,-29.887150259250156
10930956.0,26.331664711874627,-6.4169691995034395,2.3131110866913365
10280514.0,-19.566168338758803,-19.086515590198857,-28.89577084854326
10874731.0,23.197236194450173,-77.6468193785594,-10.795476231761558
10882365.0,-32.27403723379468,-7.568854218492489,0.05691118305457055
10136202.0,-31.721171466803124,-50.6063255050976,14.266198414061451
10318809.0,28.821475590598567,-17.698115771490865,-27.974716313038172
11013275.0,-12.31931485802315,-45.54730959319572,24.72970394741539
10766286.0,-6.040625860574296,2.203481409859518,23.7573602599375
10470274.0,-12.104951591993254,-74.8649044881356,-20.560519114459254
9398946.0,40.45151926445827,8.118934012059427,-0.3789298058211106
10530125.0,33.77032054768178,-1.7568600710367406,-28.26529607228982
10053906.0,-29.57239808863156,1.9384400482160127,-6.563907894591179
10831888.0,41.7582203423263,8.889742293228766,13.970061512516049
10945577.0,-34.93309208920919,-30.620500360590082,-8.203918787333668
10899419.0,-9.111329497822949,-1.176562074449968,1.352986041179916
10763261.0,-17.063020632279155,-2.5737732323386013,2.7898393890592597
10479082.0,26.962811735904005,-56.49768208045665,-13.601038058896563
10934378.0,43.31256218849458,-14.673944277982777,10.039890661166197
9247194.0,45.65366671583421,-58.71113719961514,-1.0735770708513623
10552362.0,17.554758372871238,-27.47035937695619,21.50892793125376
10955865.0,42.63528660850365,-3.930064674467462,-16.837556474470574
10545064.0,-7.613739971075468,-48.439006481792795,-19.768204841293375
8606403.0,40.25459928795066,-31.94134682557769,-29.11221725525295
10923000.0,45.83043764410043,-34.84514964047378,-5.861882438591602
10696181.0,35.3997473330729,6.59928769519848,-0.6451613589887839
10928927.0,-5.451646372765181,-15.92315386903319,-21.669828477664545
8271405.0,-34.42173914376573,-7.556136834269751,0.016162671081993985
13691171.0,-38.05151450706603,-23.817756867807866,9.598239106253082
10965881.0,12.478268649174488,-65.9260187529518,-7.922102586578457
8266167.0,-34.7068775821991,-5.814780747894888,0.009584285352201238
10749138.0,32.428857103223066,-53.78027460855398,-8.629773353762923
11100337.0,42.48254584211854,-45.8240987545778,2.427260198522138
8340631.0,23.045397778455932,-74.59027943455999,-11.477088176537588
8699266.0,20.417438672815273,-65.66386867039132,-19.873973558560337
10903104.0,37.997303650181614,-8.087441894771588,-2.373146361690594
10519859.0,-26.250484871646034,-4.607534013646411,3.562373119467209
10775512.0,14.288761714918417,-75.07062057508588,-26.088332480324638
9544766.0,-31.917053529310483,-44.18853193237617,9.926776164370986
10961478.0,50.050346049430594,-22.335334365832562,-5.307607998387944
12668054.0,37.7527167557211,-31.731787594965613,19.686396687703045
16650764.0,47.31253238418825,-18.786224542458687,17.558902369094206
10767899.0,27.470930073529143,-34.05069835599674,-0.35840996436106654
9850553.0,19.9600384661486,-12.759039526271138,-6.058810708865775
10865420.0,12.359518690000549,-83.92921224860252,-21.689314641172807
9433898.0,39.23797976004652,-77.7236439142442,10.776785733930849
10947701.0,-24.03251222062255,-12.714487387985235,22.06666729812906
9952056.0,-38.20144886252356,-31.610621349461265,16.510448648654123
12703763.0,-39.56093536360952,-11.678733645384046,-12.408361083454707
13773122.0,-3.51574009586893,-55.05430560882233,7.779972772131046
12165827.0,-3.5171592096224544,6.6645722516816415,-1.6001945875333727
8648068.0,30.4549697910632,-16.444330532038585,0.6429997606963163
13231287.0,18.191599942576456,-77.02519078862125,-15.572457063929946
10525042.0,56.865571039349625,-73.1485277472161,-11.605398319546413
10802624.0,30.75465621225528,-50.643180426906945,-15.512623737625407
9891650.0,39.24934402920354,-77.25274405525424,3.8501575337971623
10832559.0,-0.5863380533153133,-78.98777848012473,25.32710604881938
10796934.0,-8.673294782922707,14.133039831483957,-3.4432388035481267
10811336.0,-6.7271773155586265,-19.090298382224542,-28.875896681145782
8633759.0,20.967254233194687,1.35625677486341,26.411545746311496
10537186.0,15.634717951228929,-31.38870333020357,15.352398435949823
10467986.0,44.79747416027142,-0.13121758668553696,-5.4193319375446976
12726282.0,54.983670728116095,-62.29230744912256,13.055106268529833
9426750.0,-20.66635802610693,-3.0617018378711074,19.840263046619114
10960075.0,12.18204342120145,-22.353842341137117,24.504885992155504
8475283.0,45.07959553115444,14.70210641409007,-8.28805135241284
10821838.0,2.734256465758679,5.188638875483147,-5.788342496148867
10939324.0,-13.577835157048659,-59.30309741431209,13.129174676720886
10496364.0,-27.97979015201957,-62.14880704888596,19.48602998022865
8472770.0,48.38207412142005,-16.31154810217561,-27.8898863080652
10175897.0,1.4880129850648531,-1.1144952973594795,18.42851416819735
10041046.0,45.73353795423821,-75.34637581321186,22.374585643624073
10033282.0,30.927711442528697,9.966822263244147,-18.07256458391483
8269571.0,-34.28043315813795,-7.5926437352003955,-0.48558979611614017
9449133.0,-35.10130557079191,-7.521141933378262,-0.8259684790706963
10265954.0,14.11266750238392,-68.75426061473446,-10.989726502123492
10077596.0,44.35389695306265,-20.83083124894131,3.287814981382759
10949217.0,25.48607100488074,-53.10717470940738,27.454881344488555
10260902.0,48.58938982207898,-59.1911094552229,-24.024391140214227
10558354.0,-34.57943770163517,-12.013516111787961,-9.134732291604942
8725618.0,18.216245160098428,-18.187388869024986,-6.119932038647998
10304059.0,-36.1042680510656,-23.139022844044103,5.369534426232088
8553319.0,2.046381457990112,7.589764921328269,27.352118069104307
9780723.0,25.69930084901366,-79.76082825280042,-28.399580036853195
10957551.0,39.80467522446925,-6.434183312486664,-15.330955155096149
13803505.0,-24.074856391756935,-55.84030587672968,25.990069894030064
10905233.0,-39.75757027197479,0.6369490933709061,-5.450128197773362
9783883.0,8.578722469083486,-38.964050442917404,2.402940750685345
10491565.0,56.84764362718673,-69.94179076503738,11.943013065917329
10909102.0,31.3114955182914,-24.76050568819956,-6.589007993762962
8480956.0,52.8809353489958,-41.4316050387903,-20.028966890907697
9844088.0,57.22618716445517,11.51136059514967,1.105962024139922
10884713.0,52.09300177591848,-68.19345735883584,23.064077503171177
10426329.0,-5.331555978304962,-74.80839543705855,3.508876395367925
10826333.0,26.781295960369526,-58.3844505187138,-27.478406471375557
12681787.0,35.69870303313627,-49.60434333811654,20.317289592046084
13744253.0,-8.648769541597622,-5.436371671570018,2.505255960528126
10397921.0,18.660069329140864,-61.50032590732303,-13.432854726287012
10227193.0,-28.22140441059328,-4.6795778792312275,-1.2752366741841539
10783378.0,-32.275416007906735,-10.34356509820975,-19.13172015805966
9409132.0,53.36439619549991,-2.3799284824284035,1.3020436383767162
10800677.0,28.35238055819373,-55.42659044824339,28.045082119489315
10776576.0,2.9630048100028197,0.6459252168888534,-6.310982996927696
10845871.0,-30.12752337482943,-32.58579774414422,-2.498107458784922
10511778.0,-25.67137327668273,-51.60436678698145,22.024488735633636
10911682.0,-5.49085397567424,-59.19922574189596,24.845646346107387
10888019.0,4.711534155837664,-0.83150691321825,20.550625494299165
10559001.0,-21.25329134998311,-40.066135116396325,12.948771929093635
10079659.0,27.37480423702215,-49.36505275719457,24.04541494550094
13629344.0,51.433677106842545,-28.05446566634577,-24.75540535982761
10875681.0,54.17510693406199,-12.058307063818509,10.300795085181736
13683867.0,8.601879048846314,11.898615900757823,15.548080807242737
9763692.0,14.13174105062025,-67.05636506732847,-25.069801908408998
10779108.0,56.87584452957044,-41.532963909331535,25.161583728734108
10137877.0,32.12120872980864,7.00256086715253,-16.734985141811514
8693710.0,34.736445354971245,-8.332156921442001,27.246291060840566
10571791.0,-39.21584239361504,-32.631144649230045,7.3385216005894645
10479942.0,54.90148389609009,-28.434796735682315,22.518040035483338
10390334.0,22.135399431335067,-15.167019214977866,25.31086305877744
12659357.0,36.2320537631324,-32.10759417543895,20.700305266429993
10973339.0,-3.10271283625201,-11.082128118821531,-28.400287291014145
10902227.0,-37.313306087016855,-76.27868374326191,14.48627000437129
11021411.0,-7.690302842703547,-3.6587090577254298,13.892961045040076
12701693.0,59.44267008383129,-11.99130093024058,-1.3199950581811768
10823762.0,-29.455227080993037,-79.04053025939507,-25.576758723377687
10381831.0,28.715778878197224,-42.80710454733705,19.500016989044212
11502826.0,-27.80944070271594,-5.720089517085965,-2.929543924106249
10851244.0,9.36545145189353,14.37631835551206,-10.486519305891738
12668846.0,37.40588516022127,-31.311852802101598,19.712779073233783
10166942.0,49.49592435310179,-10.817517879397549,21.028039205810465
10514360.0,-1.4455196629651998,8.888932197136702,-9.96375775849405
9838328.0,-19.004730271535934,-49.602430511464966,8.994936905662065
9922348.0,30.583519641001292,-41.08541077515046,-2.546358336239127
10396159.0,35.673745630329,10.334989774032762,-0.9820563704358847
13232101.0,18.75430265067193,-76.44383082621744,-15.305005930440378
10872822.0,31.90550366744053,-47.26396999757703,27.853900909061593
1008743.0,42.90112273668552,-57.30311305229569,16.289417905835563
10020928.0,-25.850612720498333,7.495397405765904,-7.0720795026385765
10402550.0,-2.7193477802672494,-16.291619272604073,28.02654059496665
12683166.0,3.8741833757992326,-6.112649117307971,-8.581555105457657
10897617.0,38.47957595622201,6.832002794267842,13.536017304059389
10498916.0,4.96439084410501,12.879603982896649,-3.421977505306822
9925266.0,-29.556031167670945,-5.178424495260599,-0.9161361679336006
10367906.0,21.786477334771526,7.145849576653998,-1.0183111268852771
10542488.0,31.087827071135074,0.7106448961404563,7.508394260004751
10645725.0,37.90447771061992,-5.076734548011322,2.169802942399119
10563930.0,46.187694186137804,-37.682403369594475,-6.123884942171516
10321687.0,18.179410112296154,-51.92936223520745,-20.84711379959616
10214269.0,-5.470959037007513,-0.6819096621993612,25.440288625379797
10489108.0,6.408714586775183,-41.48286346628269,-6.254437578275989
10762239.0,-26.323025221827585,-39.70869402208722,11.959065115100238
10555656.0,-39.13136600742163,-65.01898875890552,4.686062240826703
10527503.0,50.48687660901056,-11.137229923902812,17.574199225290876
10150867.0,21.78133394686475,-47.49097182483449,24.583613424982055
10862983.0,28.466299889765914,-54.107998274041016,27.81489722846602
9617291.0,-10.074461343891441,-9.549212412616718,17.446492129646618
10533275.0,-33.555694684030925,-56.42456214974236,9.498322927467349
12689692.0,3.2655263095553537,-4.691822256992911,-8.559522816160902
10886423.0,-43.385396190667485,-6.7854942220448695,24.223944533252862
12109008.0,-27.588631260939533,-5.005835215360355,1.2081410738695402
10806826.0,44.58772403890149,-36.5770494517194,-28.86456323554752
8554101.0,50.749487562974586,-59.718826528209625,-11.379104968340577
8679933.0,0.036380330951914175,-18.047518585412607,-23.533183316876677
8545514.0,-37.35362222544694,-36.372062840059996,24.857482918116435
10878925.0,32.592708669075655,-53.13045832639829,-1.7269059236023914
10414449.0,-34.80439148425965,2.4007018491802783,8.46586893399746
10341429.0,48.702452245769024,-66.2520448984217,-4.705534888321834
10445519.0,-18.246124048044912,-22.109267590153024,-26.421356278157624
10539661.0,52.62614578035077,-25.297159283583543,-26.69260149290273
10433253.0,27.34725463379645,-79.27480400097261,-26.67178276963508
8649269.0,-23.722063535265956,14.458174203315163,11.848204063235123
10440278.0,21.21176821574884,-25.298515365598973,1.8752364275478364
9795995.0,52.81214618282338,0.7517435139325369,15.831097871440775
10795819.0,3.35252559421862,-5.8146027237592754,26.24814000039553
9258027.0,58.20538004276428,-46.18726563648432,-18.847107429876708
9645593.0,-21.31843705902967,-41.61363856270764,19.613942590238594
10144559.0,30.84029422420194,-29.303400499277224,24.390664170528204
8268441.0,-38.05241511079359,-9.714427250620654,0.49303997464738014
10392036.0,14.103193637269325,2.1696730269923066,29.302096071406623
10548041.0,-35.94197621453695,-50.83119740282208,24.860135310684758
10164039.0,17.29702966242557,-81.34690905620394,-13.625896801968322
10423373.0,53.49325714725553,-71.29223770071442,5.858109759535207
9322875.0,-23.85161306174954,7.4906502294981046,-6.61290935875323
12642750.0,18.590974986415468,-41.59522726071185,-0.5207192779911214
10510725.0,-19.532205053354485,-68.94812251665692,-8.049952600245646
10462669.0,-34.19358749392907,-27.21116842893467,-10.689404807296365
10547075.0,28.5937327031823,4.708115040187799,-8.257566015656396
10852760.0,1.0783738058529753,-7.466817101075149,-12.179427338854614
10327388.0,5.307265388908999,-15.51260129218488,-9.859193320286924
10878257.0,37.59905815819469,-8.46298629590357,-9.90622688332419
10553167.0,-7.632812012127376,-76.48565344301345,-17.64083218120949
13690160.0,-37.53633744364461,-24.87005847246374,9.687142045309919
8318303.0,44.97266122707869,-0.24357157504650373,-7.268134525227826
10946466.0,-1.7932265610209985,7.8824985760647674,22.17360905105102
9484896.0,-36.64284277385768,-5.823127702477361,1.5093708882897126
10557408.0,56.541230184256136,-13.39292282590568,25.169861629492218
13878715.0,41.165439047466926,-36.2311103357473,19.252168332080032
10534861.0,-8.158950170865728,-1.2105985417236673,18.77754072022535
10461867.0,15.580297626967301,11.479286298431287,16.420858754041085
10731311.0,21.87739689060852,-51.49029062766279,-16.860665374373017
10824657.0,2.7340812853069356,-70.82172706443276,-0.8298303788273218
9662332.0,25.794044708978763,-73.42577441739542,-9.55391625788238
2902895.0,17.915287664926375,8.806322437338741,-12.003768191226959
10250218.0,41.06094405825777,-77.73018487141341,21.858566287292234
10883095.0,46.37058248115447,14.09246560240649,-13.507200579111425
10513357.0,3.50915479514786,-8.546906225055295,-14.2951720749727
13670149.0,21.28857081200894,-54.55611136308114,-14.62856012513814
10332220.0,33.438438683236384,-14.654715253735269,23.952406814104997
9840060.0,-32.600981695223496,2.9432646089552312,8.160347978886707
10310941.0,-32.62820689229865,-11.050957130883004,5.388681529425627
10523998.0,-19.359606644593622,14.00107693574528,12.840444073044562
10545920.0,54.49656149651082,-15.588122209083643,-15.539406476373614
10494338.0,21.13044292867636,14.504142857044341,-22.146015558984306
10412018.0,-5.88821065988627,8.883323878534192,29.624546350427703
10792929.0,-20.30858428955594,-33.90083553410982,-8.211274567031623
12145072.0,13.667238886415298,-47.41404170117594,-4.823247732612067
10041760.0,46.38539951801885,-79.82117696944874,-1.6737965631210283
10431234.0,50.417766023367705,15.530846261115002,-12.040672119353292
10437671.0,-18.324773782375786,7.405652172379536,4.312368941818232
13212926.0,-14.686128497673273,-1.9731404000526471,14.531509597088819
10326235.0,-40.110368335982834,-27.439786819513003,12.599809582892437
8361308.0,13.926776321231388,-73.73374279971881,-21.248643062518177
10323277.0,12.281403123569783,-77.38064269061773,-18.552025541297176
10566589.0,49.35661315992388,-31.089697089221353,-20.547325997092955
10273347.0,53.37850093218516,-50.221248891082226,17.252923548207225
10434383.0,14.994705785003783,-60.47866215939735,-9.450704276255365
10085610.0,42.218582664478134,-13.227116183245236,-27.397232326495214
10413745.0,11.53528113233504,7.730606934275801,-12.7402822690028
8656057.0,-15.085526947655662,-21.86106262784828,-21.811301618574575
11436475.0,47.30288617947076,-37.941241405135955,-27.792835829047725
10530947.0,-22.542068047444417,4.761153982094751,26.961092930564625
10285453.0,-32.34867894711207,5.634093739224481,7.175060595556408
13855394.0,32.283588758021516,-35.36086875760593,-1.4246998402425248
10574373.0,45.30255260363402,-35.47658808499409,-18.463265861295575
10495333.0,16.878685903605945,-8.485610240854257,-15.03601668285842
10443503.0,32.54273830018576,-46.63504216759968,18.07473080541221
10564851.0,-2.492791181555737,-28.633576607778426,6.4501970817673415
10528297.0,52.66555068683428,-26.88787300766512,27.295661950019202
9550846.0,-32.99570394389119,-47.62998404749163,11.63973994284308
10573375.0,44.84327204050222,11.841613649877111,-20.47061457110747
10374092.0,-3.2010658297224626,0.2632483136961641,-24.43753969045914
10846703.0,10.832486854756304,2.993617050578312,14.64835972327335
10473451.0,-9.533761231633783,-2.413661257910296,10.56997897811311
10536220.0,40.910117446426206,8.60950708183566,12.768754726571123
10798560.0,-27.813239728007677,-57.71591714271826,22.59016282630064
8461950.0,47.31846906464878,-73.47495266751524,-5.113201043308896
10523252.0,-20.26116487704318,-8.304353845663176,-17.60225219307901
10787199.0,22.26781941977905,-5.743454061715591,18.175662561714272
10417879.0,6.066607168390533,-71.12138850232293,3.514366738017687
8435854.0,38.598200712747854,-23.621437980386546,23.005142134511598
8528293.0,54.16214336092173,-14.406929185091824,8.921674145361354
10517555.0,-33.34307610022519,10.310257429586565,-27.998874936501494
8443041.0,-28.72265611407812,-51.505785347976136,17.838052187605715
10438464.0,-30.694215107516634,-23.863746883511723,5.151858473039215
10569021.0,41.99741644157953,-18.441992251222032,21.308230598323618
9738646.0,53.52080853727791,-24.54808544504941,2.2241186275627998
10383398.0,40.15602727966521,-62.05120989399289,-3.107741291957506
10263816.0,-25.1681142061839,-27.2819477005137,-28.483120350023977
10460898.0,-16.784186853719124,-39.59475741470501,-22.642270405976607
8107563.0,-24.514440404510445,-2.4132147975384575,8.091822245561168
10363689.0,21.30787956758775,6.93935395800544,-6.767625548576239
8302236.0,15.507092613757736,-74.11894511894202,-15.326503830226285
10403335.0,36.2081540411105,-56.98353427732044,23.448114970102505
8671264.0,-38.71597052239335,-50.00726347235623,21.225303385672348
10430183.0,22.91793357539616,-56.0493466418489,-11.435526604153353
10214811.0,55.299418129965,-9.259912879587274,19.451776340271763
10147854.0,51.836414941191215,0.6288839509301235,3.0509600213331325
8111398.0,-31.343199368821274,0.4546754761654911,6.125933145998385
13857961.0,32.57541059134952,-35.40075657368989,-1.3997924105451256
10793821.0,-41.57927262421614,-2.3033785452779836,6.614923463070684
10551679.0,-12.825937540089912,-46.222518079767696,25.200787773611605
10358634.0,-30.1756913182684,-12.138909349877592,-14.431902044874727
10459035.0,33.77984393220311,-49.87653431967717,-17.811761896865796
10770393.0,-35.93899102235015,-18.577734182821175,2.3855460740017334
10108400.0,21.701278718499886,-45.635304037658386,-15.96127190188681
10609464.0,12.0521456590409,-78.15405625781463,-14.231027246680572
10386610.0,-4.185358244313413,-14.892377817261844,24.808643658029137
9964679.0,35.241093451546895,-11.229491768033691,23.511576988501417
10299719.0,35.176106586380904,-26.729516908122953,-28.77741646124796
10360860.0,-0.9663454675680077,-11.432359977543475,-9.1401037274703
10458044.0,-30.975262389318818,-30.68774510700891,6.866856282416181
10482432.0,24.965990598955354,-49.08086762612181,-4.629238661621901
10559709.0,-32.08858818063573,-4.695205398917373,0.049927393968062006
13250441.0,38.26697139645797,-17.940668983729083,24.921960019810953
10427363.0,39.51450208778919,-5.74292856183817,-28.88171496334879
10340784.0,11.458099688878214,-15.193400988376387,1.947118868524904
12750566.0,44.86622501284554,-21.80844713072192,2.1408817815099823
8567854.0,11.462235149124412,8.382866971312083,-5.430929401453765
10485459.0,-22.4417838765687,-63.48843383637508,27.789424241859326
11530331.0,-6.770361233771934,-2.373891422393984,16.353563001442343
10447830.0,-35.26083357594785,-24.539235899040545,14.164458914039427
10453830.0,47.40718015342194,-53.0745603004367,12.602400565286368
9606058.0,34.46825838908801,-60.23621989495534,-14.721288578093688
10465291.0,-4.054272339316366,-72.50978962913284,-28.186104626410014
10420477.0,-22.134372387059894,-5.992203462549509,-3.947909774703257
10261816.0,27.205718135409462,-14.7850446991816,-27.9306700333223
9230668.0,-38.21007203699505,-55.37957846219932,6.050240847720085
10819138.0,-6.744380240756158,9.3460361577395,-3.5971063808618355
8865807.0,-10.236708722897957,-12.351790417557755,-17.787083616877496
10016084.0,4.166269377854779,-39.85496599040612,-6.281723282749979
9537912.0,-34.22035715982077,-44.02011405574325,11.283164967968967
10642204.0,36.47306043170885,-3.588865190757883,3.461056784005046
10814694.0,-6.718427580614781,-66.23544950842637,25.301143434715826
10292802.0,40.89121695779312,-11.854644085317213,3.6494966212806927
10372952.0,-36.712345416382895,-41.56835846467085,9.845080892581862
8839921.0,46.05024917296023,-37.55219815739488,-9.81919522482718
10196456.0,52.21232007163704,-18.765709898962687,17.630574573298546
8917280.0,20.901967995732868,-8.806881886064868,-7.64461868036562
10248526.0,26.334201930762426,-68.84611914986343,28.013477805725643
10597837.0,13.595698477034622,-79.08471180903207,-14.988893339238025
10416763.0,22.16363773840228,-71.94779600590904,28.84993292871453
10091195.0,4.452488778254458,-10.236283349152352,-12.177778793349335
8109571.0,-29.334574455621983,0.13784664737963181,6.648292433376633
10540556.0,29.826988866553947,-19.210174381658863,-27.67098614539706
9632386.0,45.914813454468515,-34.355306561874755,-16.92080369178327
10653919.0,36.61552901300914,-3.439658722603166,3.042878687271034
10915110.0,38.10307402702335,-57.97561733688883,-7.221004505950299
10276058.0,28.887849930285775,-79.92511815151273,-19.12901392079941
10441838.0,54.79313994675803,-42.25186472549139,-26.175111768028337
10335384.0,29.82523046861592,-11.177461715962082,-12.823066719927809
10409008.0,21.43322057935254,-27.34971969798925,-26.84506073792914
9722530.0,-35.29275284168789,-46.93349771686848,25.684711746716985
10362672.0,15.226875946952244,-64.50765577098953,-14.483724924931899
10186572.0,16.523490852258515,-38.52688470480123,0.20981685889884982
10283592.0,12.950942381157049,-74.29025961686277,-21.776826897522568
10281297.0,33.52020250293568,-36.54919671703924,20.128846837566357
10191301.0,15.71982193534252,-79.08141335514955,-28.741625511194204
10460079.0,59.764397502946586,-57.80491188676452,-15.530860086170392
10395291.0,-27.80589072603946,-20.03659725992046,-9.541857869286531
13736681.0,-5.3015994227435845,-11.119225389327118,-0.7202010460222492
10271448.0,18.61958597974683,-58.13822710978689,-12.773728873716454
12133568.0,29.917165920051367,-52.85351530511386,26.339858124208636
10452290.0,3.3243054722127545,-9.860434279884949,29.38581105206677
10320321.0,31.32493300089586,-39.196780434834864,20.226287779707114
11535136.0,-5.845369437071677,-3.3311708120878487,17.412552447841865
10506037.0,-37.35444112625625,-77.58437359013392,25.797698780922673
8998826.0,8.936327472616268,3.8107390422975387,-14.53185925559232
10492299.0,18.101167008465683,-67.09412824650296,-13.169671401627284
8452652.0,36.44354975951643,-69.98532612448435,-21.038440414288125
10476385.0,16.433016405159073,9.22954053616951,-14.036444466651789
12657995.0,36.38955875104261,-31.619697807976948,20.966234365360148
10301381.0,8.428830597239575,-3.441384659257611,-15.953363434113434
10500692.0,51.37452765561463,-63.07016868798563,-16.814764844935645
12159163.0,-3.2387749890654334,5.702649769191019,-1.8709928067833128
9686960.0,24.190239250911027,1.8294798578615448,29.399585324934698
10525702.0,32.270236788518005,-41.97993947343211,0.03335194862806912
8928044.0,-8.310894185130593,-79.84901119528826,-9.773209323240437
10279009.0,-30.350763243204685,-4.761679445283086,-3.1756427365954556
10649316.0,36.75362520111218,-4.158487675195782,3.1869957433435614
8479314.0,53.075915040596264,-0.5429066544407387,14.51376612963225
10330548.0,5.164330322593179,-55.11835668488866,3.905964542128086
10162090.0,9.60382446191553,7.708752198804596,3.9909904217655394
10349359.0,25.13178434843501,-51.92448589676048,-15.442599196842918
11501686.0,-26.77172763422722,-4.262027250917382,-1.605401356978359
11445936.0,47.42107443049537,-39.12632191775743,-29.168078262153184
10404442.0,17.66615069005287,-64.71061070250593,-14.629501986198617
10507083.0,42.6969049429196,12.491173927774582,-24.18966227966964
9855374.0,-40.577393832072396,-69.93653607645366,9.725632716357076
9849525.0,1.302896961542555,-73.34381227302465,-29.987435408717836
8691366.0,19.124501505854507,-52.81064206492918,-20.643675683805256
10377622.0,-39.09338936821533,-56.459207833982084,-5.609899863052641
10804323.0,-15.50158733236933,-43.72793269424622,15.186924232810298
10365608.0,-4.9744316474549715,-71.95723328285823,-3.033564565105376
12211754.0,30.638414595404587,-46.0673541914209,-3.1659920986066314
9611747.0,28.41571107983324,-54.58236088955851,27.03516417261165
9245896.0,-37.576981022898586,-35.332023884851395,22.39502529951271
10515382.0,5.238604815932593,-53.68893211220162,4.089320885592518
10604961.0,14.247448448920387,-81.22982931109539,-14.584472504161406
19908034.0,13.771056356913876,-65.6382670287455,-25.78092998344212
10488153.0,-17.482838948715447,-33.377660543370574,28.98185097079738
10217123.0,40.93250240601372,-70.15438791295745,-1.3863374310516683
10295106.0,-25.853790534182817,-3.848446840605805,-1.181554143197749
10287918.0,56.14637849268522,-69.83367135741848,-13.779376950477602
10236270.0,25.63134210506145,-59.08871787973026,-2.7359450278849735
13738374.0,12.263190524499596,-70.80737199356676,-24.784092621900633
11444551.0,47.46118728611506,-36.99241139876638,-28.55854940489569
10081570.0,45.656865989023856,3.050274804602193,-7.079346173448072
10333382.0,32.92727022352957,-0.7872041356363941,-28.72619909904246
10344939.0,33.70262672649029,-82.79042670975888,-27.929342953265955
8279116.0,40.87765694646831,-79.22428565014634,26.471720304576458
11448053.0,46.23845908920026,-39.050813667406494,-27.785827874772643
8572764.0,8.059366333951148,9.008167242159764,-0.7377687421832878
10311974.0,38.19777562224528,-5.475180881932685,-0.7320960353225043
10255927.0,-13.652208706008418,-15.129422049804635,-29.755546424906232
10302220.0,-4.228748644765148,14.078567549388692,-13.03460055822416
10249248.0,11.070297610245847,-46.71001889810438,-0.7549091810694755
10450102.0,-33.32515626237332,-40.20585858730971,9.576644755153872
10497089.0,29.792909050720144,-52.95003750317523,-8.787240699226622
9900116.0,-33.609722716259014,5.8924007957428355,-7.218671990727142
9441221.0,-34.4206818618654,-5.730975860506528,-1.2872955067725358
10441030.0,1.610115636696949,16.32856103970187,19.13707080437905
9204134.0,-2.2139695678129625,16.025043954381573,17.58352213664861
8418795.0,-6.781523891341738,-11.317270195317294,-12.574406189164906
10043717.0,48.87792624971113,-41.06431103023499,16.801273593645075
10451080.0,45.01536392808292,-34.448211891981316,-17.90976504913376
13660660.0,34.013273566939986,-4.261972060404419,8.501772956850052
10352661.0,51.49526926992378,3.834397934435276,-24.619304392584276
10182122.0,14.01347141358603,-63.894730275531806,-25.3703523159081
10388775.0,-15.89528536052269,-1.8338895013256737,6.253855953136755
10308025.0,42.73626677338702,-26.432463720947023,-18.797999118013326
9101582.0,-11.449316924780739,-2.8977476180738564,3.752842406827119
10252691.0,12.625487262108946,-29.301998139473103,1.4659747895606934
8518413.0,25.318371446148245,-0.47505234825681053,9.517981423376508
9631595.0,52.488214264546876,-60.17928706310167,13.616207060705044
8141418.0,-32.23703705237679,0.42931597552658074,7.698588123659554
10122177.0,2.126443127689977,10.19397627149352,-1.7996384117205695
10345837.0,-37.958282834910335,8.061632285902324,15.996316857166473
8929122.0,-8.72871844535487,-79.69381250428557,-9.761032539548214
8662582.0,32.67023713199979,-81.80696670440021,0.9689307686101447
13297841.0,27.58572959997536,-17.085088412933963,-25.81151130310605
10093385.0,45.16705947218437,-40.53998071930966,-28.012325919678638
10304880.0,56.62980220869076,-59.32337138739781,5.374298015517308
8785847.0,26.812372462457475,-77.11531778422597,-24.947206223841718
10446679.0,11.206059273810324,-44.38570262307827,2.960444480524654
12661293.0,35.8670180908339,-31.912108823037542,20.250372573366818
10282281.0,-25.441134383099264,-29.853194654748144,-8.980540612192627
8838971.0,45.700235980160215,-37.105221243127296,-10.121242041878386
13851369.0,-8.43755059143389,-64.29320619784735,20.00128894417051
10380722.0,22.48614784110766,-42.8310063710516,-6.483708850330908
10134349.0,-28.636626032157213,-77.03960532533647,-19.538519138234477
8557836.0,27.585168867299153,-30.81043120308246,23.575164909578348
10356598.0,51.91549039320406,-16.161109254209507,3.7939842213691057
10201809.0,-34.20751053000056,-20.897084160577087,1.192529672100481
10173307.0,-0.337720096407659,-77.48403974760089,-5.631496092428774
10432239.0,35.776087646077734,-9.305918608690872,12.976908016042898
10187399.0,-20.418879634941636,12.687425575032844,20.995616715159407
10055369.0,15.798582511885076,-37.86395421266847,1.3698858103007208
8114253.0,-23.95264365903971,-1.2142742974683254,9.175762753771862
10274266.0,12.252361694957129,-45.109124323447006,1.231247073433745
10400501.0,57.387947451029326,-54.41815347163789,0.9065562478798466
10289727.0,-31.13321924354291,-15.41082139081985,13.086588354631889
10226252.0,6.2446255407548215,-14.312641840400712,13.48513681050611
8779628.0,40.35313878830927,4.48766904595089,-13.418428390238747
10060830.0,53.586919768532105,-18.799767321444556,-26.02621923652821
10347871.0,-25.682888140432482,8.457987953056975,21.629456039587243
10097722.0,-12.382748819702236,-58.979315732187544,20.71279516129219
13746725.0,-7.86981473956888,-5.015397979508659,3.088049196795156
9776766.0,30.43526139203964,-11.139661650384435,-10.888579094757223
10406313.0,38.97435386731734,16.38452370367786,-0.007651944980274994
10132133.0,44.29154778285047,-44.27823746991551,28.492496823691813
10342136.0,-29.53651471318358,-23.79844940228044,-8.297507755410209
10202983.0,-30.555651845916355,-52.39630552050995,14.412535143768505
10084522.0,-33.584463039526895,-40.26223160216796,17.170087833115737
9935620.0,28.644122369159216,-33.423186122950895,-0.12383181032905721
9880561.0,41.334530135232924,-73.91853999298495,0.19820585498171361
9913397.0,17.1325792461268,-78.78593423735164,27.87880842219447
10376427.0,-38.697034952047794,-55.33450551720352,10.78698951958719
10232229.0,47.85115357104543,-29.32103223499033,-11.087740826767993
12687612.0,4.41295693017336,-6.243007640238841,-8.553412448878262
9892423.0,51.758402397558875,-23.663630140988325,-10.125176832251249
10254838.0,38.76504325197066,-79.69863225715723,5.314724096747322
10152757.0,-18.926650241883266,-42.479060423964974,20.50921884726744
10092169.0,-41.95954469382545,1.9625403600449558,18.89045670226724
8116062.0,-26.641539761546625,-2.2772376079150307,6.619436972969989
9951360.0,57.45047330923538,-81.56586793995487,11.361134629546836
10336912.0,41.80857198218712,-12.171882212246635,14.714539832248077
10011809.0,37.32078716652027,-38.15949361062414,11.452340792505218
13207800.0,-6.097680356145835,-75.69650572688761,-26.242320102937146
10259859.0,44.11038167900349,-20.99202916961178,17.90934333661336
9609023.0,-3.913691384950501,-81.35262568842364,0.4202730972557527
10225164.0,1.5608288418944316,-11.922728410204916,14.4533689551849
10408026.0,57.15745592520956,-23.78573490769679,5.6212618563766945
10329241.0,35.89114626174698,-58.09861142523991,7.445155912264117
10178759.0,-18.52693922133647,12.441970079383148,14.830587392045699
10183375.0,42.28393238828917,-13.059673326984413,7.777232836942396
10120156.0,18.36381998952563,-56.55843260120326,-28.205661482460684
10119174.0,-39.860704036734745,-24.37695774362916,7.812526682396697
10177605.0,31.86086288845161,-82.89719732436154,-29.68780925994111
10277848.0,46.42564163395062,-55.28060919556626,-23.85862642834347
10044250.0,38.94814878627062,-78.43162084954689,10.432261368568199
10117049.0,-23.1754867181015,11.157434709586108,10.756155423134944
9521793.0,-33.13268044143136,-45.894673585148425,11.058099983984649
9910250.0,25.923043745877855,-9.43231724550729,-18.736165378006987
10115074.0,18.57735861617779,-72.51634939423647,27.997785366687786
9950341.0,48.66531260691307,-74.08491327715137,5.174460709783657
10361791.0,-14.876666588734402,-37.84150995079649,29.410118868338333
10247408.0,-40.26973037790109,-42.14915861639102,15.388566915902114
9578505.0,14.064175816366635,-79.65321592293006,-14.940878701939162
10101727.0,18.49419115288921,-79.54236797988254,-16.501793584734642
9953778.0,35.33801996971978,-28.409318233481628,22.45944752416981
9729690.0,5.738079843591287,-50.642874303277424,5.746061855731859
10195407.0,13.524539915352907,-75.2341634774524,-19.0573359723525
10272401.0,50.83121488014238,-27.716282913224955,22.6562327902091
9800548.0,15.754027832746916,-78.46560346309793,25.43151894082927
8508011.0,-29.292148862959767,-64.14751409548887,19.347792334197532
10216159.0,-32.009777600841126,-50.57751100518059,-21.984755505371155
8659422.0,-14.532183868534656,-2.886744405985753,2.959218035727585
9329032.0,-34.46106332371383,-42.205655694756985,9.76515601755928
10026632.0,40.36784342064508,-57.49672086719844,-19.058040498159762
10251667.0,14.172803902608164,-77.59224818196346,-23.9563855583243
10120919.0,30.28908463700093,-29.401816003669648,24.42421602803074
13667604.0,18.94069298269049,0.5434720322096895,-18.353134212031065
9335719.0,-28.893975247892712,-77.35200212627267,20.901974379942764
13844386.0,40.911369738705616,2.9180703841395843,0.4865213419711405
9070702.0,49.866915791861736,-7.085708983108505,8.820595553526799
10180876.0,-9.388405637617197,-43.582113572288854,25.94818632989051
9928517.0,-13.692316642481602,-3.4179315473428487,5.058741322705803
9943638.0,10.167162019951135,-39.96544653268899,23.93597936690952
9649513.0,17.592042087601858,3.5018866053248785,-22.923328653977855
9354084.0,-40.07917521151796,-5.246143728704512,-5.683945887503567
10262736.0,-25.7163648378323,-42.18820052334828,-10.658782707912382
9785261.0,28.901916740249142,-54.153347708898536,12.017240143049484
10264692.0,-25.862755356253224,-48.24797373078012,2.7224198697121174
10188323.0,-31.763524133823815,-14.536833444426533,3.096412218182831
17707530.0,53.38720870957975,15.958637920509055,-9.845996324202511
13839082.0,24.586412702764203,-78.15678186483265,-11.084198947359091
10090244.0,-40.228145125862824,-25.846350573511014,-1.1037663366364765
10158009.0,3.7997649153526742,-40.521740573079576,-6.723162996299485
10244345.0,-25.40385688323033,-7.348945905101203,-16.797261399901316
10192191.0,18.79854864069925,-49.35798578053024,27.902057252074737
8698397.0,20.27817752734306,-65.96420316492724,-19.86783167956274
10218265.0,38.45047195393283,-49.964102787843466,-9.615591073508583
13244041.0,56.3758304630199,-9.16369335812001,10.750931170102092
8099174.0,-26.200517127378053,-3.1151392213256677,6.267714521604049
9886642.0,16.06533550883536,-77.28371447563657,-18.57221533141312
10185463.0,32.246767286194476,-19.365800324335414,-14.489116540128313
10100572.0,-4.303653107744897,15.738130821656645,-11.35662277268527
10483289.0,41.06280792555096,-47.8033913903356,-23.990524201828656
10042584.0,43.73093217655579,-81.09941795600592,-0.6276192251025208
10198004.0,18.453177896831754,-30.117276071131847,3.0196073993691783
12748608.0,44.10453974974207,-21.040981526423742,1.744159220962648
8496656.0,-23.567064031444247,7.299435734670952,24.921459144321645
10123231.0,32.59088963710015,12.67074854506135,-18.846035324949153
8483646.0,37.38399475804819,-59.028119601785974,22.40173639184909
10105009.0,-38.67835502710797,-12.172737478029752,-16.850019554662225
10076354.0,-7.104608855804233,-18.899881661771495,-29.84139972570428
10241058.0,-33.541880460022455,-49.6001378333667,-27.033470525854497
10210423.0,25.088104926890132,-46.174635616839915,13.669035310000218
10267876.0,-1.1749716482914077,6.723952136725814,26.6582428815249
10309038.0,29.79279803149335,-57.229700625995406,-7.990415387459471
9898516.0,-28.55022746768596,14.814955840761709,11.915381046685948
10168970.0,9.651314979472108,-13.825481431433364,0.16626826603489286
9979897.0,43.798616375119394,-19.400029045235566,5.043127095837276
8423930.0,6.511024186620343,-79.4173533214356,-13.622473411772571
10124104.0,-22.664645039326764,-41.13320991710344,-22.962526475380418
10297071.0,39.9592282056384,-54.59794535395254,16.13270430407795
9376409.0,43.69910364311725,16.181262927279285,22.69699232551432
10110162.0,10.871724640656314,-54.081461864791464,-25.957681558021484
9851671.0,14.652396819352305,1.283945270836459,29.481475561753427
9977300.0,-32.14079804193701,15.073831929701619,18.720596421092452
10112026.0,7.24017323920638,-14.836412715067695,13.879383880791224
10058550.0,6.8858794529248835,8.275045231615513,2.982235355366046
10204083.0,53.80659707393486,-21.40119677404627,19.402008326711695
8625364.0,-27.606817396234415,-35.47331770776754,-7.855817868950174
10223986.0,-32.919977924464504,11.70945389561963,8.066490675104607
13833470.0,37.27264723881411,8.741414518192508,4.631198780433472
10135223.0,10.469102880073008,-18.945222787412423,0.43059482619945033
9937506.0,33.92259534707615,-25.99588833642793,24.02981188536102
9993168.0,44.540916468007886,-40.50608577733607,29.39074367742081
10270263.0,22.276351222227206,-84.0001790644436,-12.757697247967602
9952721.0,56.99699903842275,-50.53544757042679,5.017885247949631
10234446.0,17.05478029600853,12.043658752162457,16.945465016751996
10154861.0,-29.020703208889742,12.888542108520452,13.26066533616383
10074040.0,10.469026302426911,9.197191016979966,-4.9741054944733
10056399.0,35.407366779169,12.203438118456694,2.507028199825369
8864596.0,-9.918672651935154,-11.8366528091384,-18.045057890188886
9967065.0,30.06541605479081,-3.3054582929319403,8.836607411636054
10205382.0,13.274469081844249,-62.87879406012668,-27.20281938094952
10049927.0,-41.427773175394776,-20.09380368187613,8.258926390237184
10149790.0,4.816826480154462,14.28176445919696,-17.057213429935892
9089858.0,8.022068893442572,-18.042786335167424,6.033758378864233
10219262.0,-11.696133499876979,-59.40082149318872,6.796110863522797
9927495.0,45.99865416681725,-36.62311072835973,-18.908047604208527
10230193.0,-6.685446717648442,-9.863774324451109,-14.94634091318053
8739449.0,0.2291493124616806,-53.151620415017724,7.25111991779923
10064611.0,52.25683317240921,1.8661849865199074,-9.61959845059777
10007497.0,29.8863785167846,-15.643171169015615,1.862645197802887
9377266.0,51.52088587038513,-16.371001195649807,20.945130306683737
10095414.0,-27.15421237037456,-67.83387963221888,9.262385603386283
9972239.0,24.326517380981095,-18.639106426502057,28.99691898719066
10070092.0,9.971565328862445,-75.70359711607419,-0.601744324514593
8445564.0,28.921398780795048,0.11625725602279924,9.397051036741793
9219351.0,-10.625381531392176,-57.77059684127197,6.783015900108881
8264929.0,-37.240982009887894,-11.436453512370155,0.07305073999622635
10161161.0,37.26271228571478,1.1996657799413946,0.8289919965606267
10075160.0,17.942049965701116,-66.3779109414137,-14.070823567902512
10159085.0,-30.555144805024028,12.161445142444263,-3.5770019991013338
10284427.0,1.6880698386170472,-8.36735517088242,-14.166229423706437
10172253.0,-20.072960232878373,-55.210728089692736,8.763406956781173
10692477.0,35.53954416239601,7.018578316217888,-0.16726437118035786
9062529.0,43.308059289543635,-21.556785268706708,12.213405911986268
9874754.0,-18.045154542469508,12.078410488848789,15.352324261236042
10046238.0,-31.123348776899704,0.6633819399521541,19.928892810081866
10047594.0,32.911243332181144,-39.77052332048082,16.00483349625192
10751314.0,34.586437726290974,-55.3471503213231,-8.9144163613376
10113003.0,-5.382627513679918,9.692402970303913,-5.216894958559061
10145406.0,39.363294069428,-75.21386965012971,18.522085221730876
10200519.0,14.696871259689921,-32.151513006933286,14.151446145997038
9948148.0,-23.43377412612214,-37.01992866791079,-22.665398151630416
9911207.0,35.89059716686855,14.971338081240727,-20.512307950333042
9961051.0,13.737739625354818,-34.3501273409013,10.262591879215496
10315384.0,35.9685396419903,-20.428623464441422,4.874978138501233
9677268.0,5.253671980601378,11.677799756215965,-0.41035010790109927
10072760.0,29.39054046503333,5.225792753910737,-6.663187833369483
10003930.0,-18.433958364689275,-65.12098110510014,26.79345158205147
12142620.0,14.48017500852714,-48.49617224786179,-5.3425491778200715
10148850.0,33.655763864362896,-12.533693243760293,-7.7493330813242505
9949139.0,18.750201593810882,-63.85331902790281,-9.166696507216999
10016771.0,-38.23729370810638,-29.91758503301977,12.462698066485649
9788483.0,-6.815789770940839,-50.38775125472074,12.531004536059829
10162864.0,28.384474877368113,-74.3307658787281,-9.688934892948916
10030980.0,53.204588940835336,-37.852804080653414,25.64092961328821
10151569.0,37.69132305421948,-34.971986893992806,20.136662559143023
10222240.0,-34.34176221838276,-34.514507958933336,8.022057840664159
9992056.0,-27.507173013906765,-67.01352638124878,22.308385375681148
9627417.0,48.86076503756848,-33.82260347625747,29.641849795323594
10128773.0,46.59901464278167,-31.153745070169887,23.52571699773929
9998416.0,29.03852821593646,-7.5143011076159425,18.870505110456584
8833922.0,11.371490530151263,-28.39495210862336,-14.023267417264666
9978452.0,25.60317210886367,-41.269237099772546,-9.31760210044277
9814557.0,42.49172053447886,-18.47072970739827,-12.171048899152336
10012749.0,36.03423410574633,-28.1401044136127,-9.138911958744009
9991035.0,-10.836713679470053,2.859985050165562,-2.8834269572155535
9917123.0,11.332819951630025,15.952985927595451,11.729579832093902
9703409.0,31.697361419565624,-14.716485582056938,25.81374997085841
10199062.0,-9.440031062744143,-19.37146121530595,-26.738646468676233
9085596.0,4.41488790763834,3.3072751460327297,-7.285288483122969
8058403.0,-30.36839313515896,0.025262498514123433,7.064011558718067
8498873.0,43.60625692931884,-74.527929003057,-0.6126114687327835
12107971.0,-26.214026848436966,-3.9694802015522095,3.6767260896330627
10039760.0,22.093470597958763,-29.82327605696455,22.411430770717736
9792408.0,13.817662898998355,-9.469990126161232,20.02810676224272
9962212.0,8.626177780492705,-18.359414352553426,-1.1249592986094559
9959734.0,-2.3498324433800564,-56.133581657032764,-29.695522077849752
10065618.0,13.656865013247092,-78.13002372962494,-29.15330745829452
8756517.0,10.051881637204307,-75.05199463063742,-23.517915184168285
9702111.0,31.16020249136205,-20.465333855353496,-28.551651333400777
10578109.0,13.632311370329372,-79.31362904341582,-14.613636852651952
10213200.0,56.68849710983165,-43.82610335142234,24.843889660913028
9767427.0,43.423093783496604,-30.55599628023688,-8.598660261465543
9100587.0,25.415822949701894,-46.83580442919126,-17.053291516314275
8482146.0,53.390550785636236,-41.75282983998868,-20.335912692214862
13300496.0,27.58883577623881,-17.636857428764745,-25.118584408578826
10107362.0,46.9028557951666,3.6841249943876315,-12.686409774121454
9988503.0,52.5978317830828,-39.930788850009755,-4.963629885140522
9954916.0,24.52944574684929,6.8359046884463845,-7.269945498519352
10062856.0,35.42003267332235,-45.977849315647596,27.051188255157548
9726407.0,17.54061734311571,-9.216830579568269,-10.910108369121367
8294142.0,-35.68195397980052,-60.1277587477128,24.656073382344037
8581845.0,12.116243881327419,-40.546975205412565,1.3064856141638508
9679559.0,-5.370188324721025,3.8850019385726413,-1.2410754596187936
10059491.0,-22.232294193194377,11.40647945717941,15.20627844596774
9905521.0,-30.72752128531227,-54.90236983714535,4.252433103077902
9716328.0,-8.620938173891528,-21.147338510629595,26.458920773666712
9803025.0,-18.89447040815929,-3.3431329710467903,0.054764004200105854
10024709.0,41.62918861309893,-48.57566809808114,23.89171201395905
9200769.0,29.921170451572316,-10.14701420342136,21.571619313208373
9366626.0,9.551501446476165,-49.40608592113153,-22.9536476375852
8494197.0,2.21688819348291,-14.134259044275268,-22.634402623095344
9152138.0,-8.738233049927695,-57.65930018168329,6.778094399047
9839173.0,26.946126850931776,1.2117595283950076,7.218014099796818
9924170.0,-6.002086143275596,-1.7369690004724698,19.911826845331024
8097697.0,-29.549516404135353,0.23833011476304156,7.780940951287583
10083361.0,-9.772234804085988,-19.425839109096966,-27.481438166275453
10143485.0,12.053368102701782,-45.04691540419519,-5.0952965558371295
13793734.0,44.216384059713704,-15.670308710823925,19.78250488383786
9664035.0,-0.6159514314805961,-14.38763759846577,28.46340220574228
10027821.0,15.784366327586458,-6.811375559015783,28.356674306929545
9946987.0,18.523720590482206,-52.439157240362306,-19.695054112499847
9912258.0,24.984043607683862,-80.13719558482177,-12.800368880696741
8497741.0,0.7848161201224293,-12.05006867219086,-9.052286660811827
9194557.0,58.393174866934174,-3.8764216822393776,3.2967393488088437
10603735.0,10.257023564433943,-77.95457896222229,-14.005563521488583
9416366.0,18.38481495012219,-36.65725676315055,-14.672853887687097
10167710.0,-29.92132095146884,-66.0062623493625,-13.101390576699764
8464171.0,49.233127172594685,4.799005755825991,-7.880062935032641
9350108.0,37.59639212838081,-82.71888241619405,-23.78931975778762
9672292.0,-29.748286896438373,-57.01712781087268,22.71342117326808
13802321.0,-23.790412389281858,-55.474784254687336,25.608993904174376
9958489.0,13.018028252795386,-72.01770462870584,-22.493289281294157
9793595.0,44.362656868794964,-41.276301893739195,-11.004248851786102
9885455.0,-28.61136397923533,-26.257448245581465,-17.566166630230036
8844017.0,-24.11319533875208,-62.66620516053554,-19.532459414856454
8432721.0,39.67076746954319,-70.54392964453511,11.170071355409302
9804192.0,13.375251016294708,0.24550330756247218,27.132131517811576
9374786.0,33.45478075606449,4.798013886457717,10.118498902565634
8585110.0,9.780182180647193,-21.382126139960597,10.168700271359878
9940892.0,-9.80880506931603,10.018472466612137,22.226054576920845
9863676.0,28.41126470768808,-72.83595834525585,-7.68194544394327
9620151.0,-27.031540913039816,-61.54745763893382,22.39012970409309
12200590.0,45.12743738618104,0.012444692687070158,-0.6241018663142492
9787367.0,20.0252903364165,-80.02984638508939,-11.590765093223721
9715326.0,12.17825050456047,-48.12932150404211,18.944181743557593
9822660.0,-39.972220507173105,-12.42580314760768,-8.568173896639497
10639642.0,36.91034093415219,-3.467009239020871,3.247155597663836
9278206.0,33.97535108638556,-39.714997421310755,-4.600013515922511
10036265.0,40.568845818498154,-66.25881808152747,26.27379145694497
9751346.0,9.130545683990942,-75.0770046952148,-22.900799460933776
9697894.0,-28.254368750432644,-35.36930571768236,-24.077752114614857
9653951.0,56.90416506984872,8.210775833288363,21.10431027672856
9860152.0,19.91950746478841,-44.03802721003383,-16.11192371204543
9384897.0,40.126420956031275,-19.534782314926773,16.652144486138482
10061898.0,48.06321058274739,-21.54716571181609,-0.6426812182365573
9705531.0,-13.901092487526437,-75.8558343629173,-18.27369824010566
9995576.0,30.4431927112379,-58.83091688660619,11.073788924749326
9970077.0,31.991772761766647,-10.134416748192235,17.021683944701294
9647057.0,-39.80858705787206,-19.728687836072485,6.972776423935041
11529079.0,-8.208210544398526,-3.3019815157769488,16.158400640099153
13872510.0,21.941424114261476,-56.5615579048984,-12.946530829615579
9034192.0,56.9957925138329,0.2559400653458824,3.521643342128917
9735078.0,45.73039566584226,-79.57860335269167,1.7086732629041226
9731857.0,55.07066819288184,-34.760928153641906,23.4473048140091
9519366.0,-33.210460161255334,-45.321113466749345,12.768836123571393
9944857.0,-37.31947626961057,-74.5262229874166,12.171482331461274
9354175.0,-22.863733619817147,-25.47132036324774,-28.90220758553516
9861181.0,14.264695197709568,17.83513846713304,16.243984969843083
9845893.0,52.21617718071691,-2.2469655374649316,0.8188571599055301
9986362.0,10.58545280568561,14.740263590428826,7.768080819593447
9297859.0,15.558362135725773,-39.23179285148619,-1.172672166476043
9883164.0,50.61823384096984,4.726887196547985,0.8351877188241539
9694151.0,14.02132958876498,-61.522973130150696,-9.29051198701246
8375961.0,-9.377013771395864,-14.197732376958037,-17.925260608088863
9879166.0,46.25014940482639,-44.90159653244186,-26.84681056045141
8926835.0,-6.235648477687844,5.144344753259437,28.262693985632623
9831288.0,-26.786973888143695,-18.663121674156347,-9.423088306020373
17273916.0,4.8167914672443715,-51.1117473358987,5.414106589771832
9638854.0,42.46106215089642,7.680319241657503,-27.37350018984337
10087547.0,29.129435342121777,-3.0081715858138676,8.884271373509531
9828841.0,-7.613089843418244,-81.84535445089307,-7.231165772040752
8575426.0,42.698133989797654,-15.46075609626791,20.3497067715574
8460064.0,47.94440921224273,-72.72789930005507,-5.19177102648638
9526568.0,-33.238836942367556,-47.71488983589707,10.967891748919671
9361157.0,-22.560590073676707,-9.7169546316299,-22.581809606239442
9743799.0,48.361827527747955,-28.05529401314118,-11.286124964162962
9976062.0,-14.388552657597144,-58.35230271960988,21.033293266989162
9971165.0,-26.3325426185273,-59.45774187595713,19.670349061351956
9934327.0,16.402707715395607,-49.6005969279123,-9.972009775269017
9755128.0,-29.947331652637093,-34.359074368819456,-18.38526252147609
9893300.0,-34.710442812736645,-77.1312316004549,21.20314944882694
8206768.0,-36.258445961425345,-6.961392933959529,-0.1999998546902848
9760963.0,-24.42776262413579,5.595211054870191,-6.406363944260442
9794573.0,23.009787903487513,-5.286845170669646,-20.769281226210666
9728536.0,34.33534424472068,-6.917340414031282,10.926023373925776
9825274.0,-16.175154631940348,4.437365775764165,24.6324087820987
9730697.0,29.795251100680883,-73.58098708208803,-20.840664122827093
10017856.0,32.27553374979157,-51.50799392134092,5.257067712423732
9603520.0,-34.97160121444024,-24.233519098932007,4.913862737571877
9865665.0,37.34041218533998,5.818700828110418,11.988387521489813
10744411.0,31.902283141489008,-54.98764389240439,-9.438153261976407
8605415.0,-22.29844409359436,-42.32764339156775,4.599067625376106
9661081.0,35.61351233031344,-10.357573382823977,26.582058725837197
13735227.0,-6.711940143657492,-10.746698955338731,-0.2509794879743015
9737383.0,-29.424923009101036,-38.914072694275426,18.876511682352756
10052568.0,-4.03797578090862,-62.7448669354966,5.807858282079518
8458138.0,49.78955664715923,-18.706992952950188,12.50018670177922
9648217.0,46.34782941861794,-35.26978364453518,-7.871530561286066
12757861.0,-28.382663945059182,15.914155766820127,9.711507303444943
8244582.0,-35.079227777459465,-6.420988805553173,-0.000648117334998588
9698917.0,45.54859606874814,-45.03502721843279,27.153782689770413
8826313.0,50.835028337390604,-5.339180295554656,10.38851124530525
9250334.0,-35.58883554348226,-55.32853305832932,7.856530872218224
9423955.0,50.94991638798728,-15.977383161379699,-23.51539579201939
8083282.0,-29.913216370619693,-2.260521056641634,7.107920675449057
9137545.0,-33.09501592145015,-19.737675403756786,0.006854524752484492
8793008.0,-31.365421866459798,-53.34546621235078,14.900869522849355
9796768.0,-5.348815230699117,-59.417888024105814,10.134712148238965
9010268.0,51.781612276457025,-25.018744831442625,-25.97111215339104
9786061.0,-35.598526755187365,-23.925025284446267,-8.173244930858154
9689770.0,40.305457870784316,-79.65371716581609,14.830655546649105
9920747.0,56.5755198874576,-1.8530244783191088,-10.875065552015212
9642759.0,36.34873179082705,-51.914861443209396,8.776845285831094
9440186.0,-35.487788076617704,-8.404240718466374,0.1599308241516293
9370938.0,-37.74123327828337,-7.886114429397721,-6.793071073074963
9044113.0,-11.992675753294883,-73.5045425522079,-23.559755192290513
8842093.0,2.6338606320776936,-76.24274839319473,3.9457966484455502
13703674.0,13.086770086808041,7.914572219424566,-7.845728277223935
9834052.0,11.967072798196982,-9.41828530627104,18.31681432641649
9847065.0,3.6294273474491607,-73.74331940144492,21.096056280177564
9628492.0,-37.26044955871124,-33.67747697015175,19.53181586001094
8384309.0,-2.393476832458075,-9.188380593546713,-14.471607287055306
9658285.0,-17.37447533307879,-70.35855181993664,-20.925779943813982
9685743.0,40.149334279579364,3.4609137873419007,14.156743293174381
9759527.0,-25.82076571221991,9.283086491667598,26.020329922068342
9610281.0,-10.11405434971274,-47.022066161656426,15.302034032247356
10088971.0,10.469553160599059,0.7287444032618176,-24.951218901778347
8808175.0,17.507807628372642,10.393057351413564,-22.803978398615804
9184391.0,53.30972715142904,-77.13318230172727,-9.818375500448408
9142108.0,56.167081421152794,13.618217603423357,-19.73020271750582
9724896.0,-11.140408328140516,-11.098569423735304,-19.097110998489477
13217143.0,-25.00550468577207,-9.101508170519345,-20.86210111938271
11500510.0,-27.362542119709087,-5.1524240826623755,-2.6865494823156126
9769666.0,5.077404987293333,-28.625715846278183,-26.698912706718474
8902166.0,24.959085106981757,-34.63605419515487,-9.70178469148842
9744961.0,19.735835257396957,-29.056313844062437,21.644622812739115
9666768.0,-11.939993557963266,-12.291667779603872,-15.772728605610615
8836311.0,2.3958226768923363,-11.65070244452911,-19.416891974656664
9693100.0,48.50973147126456,-1.383771274818736,-0.3868329527859373
9269963.0,-35.908289952902265,-9.810586327934542,-14.741798948849109
8288574.0,22.552476277901203,-43.50000134753134,-2.7960890463579737
8324882.0,47.46622884963299,14.621919144823362,-22.063710919312157
9337181.0,-23.340843057419853,-41.050725397392625,18.836797486426295
9641081.0,40.931681612519604,-3.754934344091511,4.773413201163847
9348796.0,-14.35659452535717,-2.204650548245575,17.40472563052091
9900982.0,30.562597501408685,-26.239225156623853,-26.61479011544641
9633338.0,28.795697740596218,11.032935362196085,-19.282263565061484
9636080.0,6.2091600784434995,-0.6396126214784901,21.773479382481117
9362531.0,8.737703954537336,-79.71186142207364,-14.12974924119822
9704380.0,11.560711438971488,-43.84961104709871,23.670587228554915
11440965.0,46.503374795333684,-38.34729806522104,-28.00444153002424
9292390.0,1.6791904076067254,-79.57705394439161,3.7672183017387537
9644309.0,-34.7123944707901,-48.263363608775286,2.7290884633573826
9681629.0,1.8717431698677918,-20.896023365234925,7.26305046101513
8552201.0,-4.995921275657687,-72.8581894427691,5.9180682144368175
9696945.0,47.35347079354916,-55.7956406249448,7.746688072266119
9614142.0,-0.6436101105734513,12.078826302013393,-13.372355812569198
9857344.0,52.85933402635439,-17.583499580880414,5.073653262513562
10038409.0,51.36259699826038,-28.61669725943497,-21.712459295715178
8561075.0,-36.62271690136042,-43.47475077934388,16.362334202747828
9768388.0,-0.675651721284015,-7.724021124985561,-22.650816584640015
9332958.0,-14.257601580754546,-21.1338222692655,-23.623633516537268
9889409.0,33.91752712838141,-22.76995781742902,26.57234212581612
9630012.0,50.579558594830516,-27.352969813462956,-16.61268909134253
8652246.0,-32.473118508909366,-49.23534625621872,14.229965440898743
9146096.0,-11.140309845225397,-8.714520241039711,0.6832322705308712
9002084.0,13.355360176209821,-76.9191868204774,-12.80671209164095
9665097.0,18.87900051369603,-55.00660745827342,-25.870949428132672
9750064.0,39.99516074208396,-59.955707315678296,19.848481969086748
9639907.0,20.66091737833351,-10.906568772461291,-16.987527545201573
9205474.0,-35.20226918929433,-77.07030854048891,13.053525618398934
8600256.0,49.809113352788124,-80.13292313361347,-19.154099847723312
9789622.0,-25.702809064198114,14.524449356515241,-7.761758631988153
16999530.0,-36.63755830750786,-43.66632995481312,16.06889154193067
9683063.0,-10.444260698206637,-9.97772247888733,0.14418757930275444
8730963.0,-36.470551063409864,-16.2978855045668,0.1631278699528973
9848106.0,-36.55934680214266,-12.915204773647257,-3.327304652905085
13792384.0,-40.447748999598566,-51.47431518887568,19.82067892914663
9720429.0,-16.886747152353,-81.67521874052495,-5.352333266380718
9539938.0,-34.023306603866146,-45.82653737222187,11.834813791692302
9260963.0,57.27251022407259,-23.474795712477565,20.743847037736575
9347299.0,-27.680721790154426,0.45442998967287185,10.010306824657146
12737015.0,45.91187801850552,-36.73278317484564,-13.667796465562402
9410625.0,50.82920534545284,-26.83718591052715,-0.05046992569395403
9824021.0,22.71295377475666,-39.8678113948593,-16.402932067835962
9678376.0,53.355687225273996,-20.650096994107294,-7.0583847896014
9011155.0,-3.356076808386475,-15.81822369820981,25.661769772595225
9275336.0,41.89777388440989,-63.95490128260206,15.371827490689604
8818529.0,-20.565130362049796,13.882536014529279,13.087015679958053
9413479.0,42.375592663783635,-10.469689013397819,5.668688170330686
9618714.0,-3.0825757955755124,-8.081481287905174,4.879521020274522
13747962.0,-8.932840736694475,-5.46430946196688,1.5002215453989793
9779253.0,18.059694617145922,-32.584595346351755,24.948268509367296
9902780.0,26.998644990776363,-55.396912562356796,-13.37280546669843
9762290.0,41.718806408555935,-75.63762914964441,0.545529502695004
8870454.0,11.829638337515568,-35.57337447869953,7.700387945078186
9739792.0,-32.86013633155889,-3.690033277220767,0.46658946136200496
9309358.0,48.12791433304373,-70.78345855289804,-5.516775149746744
9599139.0,-35.98451455953604,-42.38868215803166,16.03604272925181
8743718.0,-40.24369433847366,1.623119897703474,11.86676287987634
9623845.0,10.470588582439396,14.454625144117731,-12.754163881622942
9806843.0,-4.885682970363012,-50.95775474417707,13.934220786651593
8086783.0,-32.122942741589,0.33889412808122266,8.315903247280735
9919231.0,-34.5619102076207,-58.79734741732477,15.413630648174513
13628049.0,51.76037679308628,-25.926404697166358,-25.467817462032798
9714040.0,-27.767862555573934,-19.948977522520018,19.59374864703123
9391741.0,39.8972754675412,-79.26546116796005,5.219840791470361
9263569.0,39.46673763586813,-13.967803665108937,10.022805156354345
9766117.0,-36.38241039993168,-29.50946352800319,-12.655291069072444
15595159.0,26.50247758182705,-10.4071074508959,-17.417983865987633
9368071.0,11.821547985715126,-18.63213695672719,1.416094207673034
9325840.0,32.95491754535914,10.067309093988213,-20.468248227030927
9327490.0,24.7791518632986,-8.758188287059209,12.949379230958664
2914906.0,15.456432870565523,6.319144904126346,11.224368575857333
9659442.0,-19.77001603500218,-6.66533146761681,26.755923234385936
9203270.0,-18.66226513964538,-76.96900663860481,-8.70262370217348
8257781.0,-36.73374247972963,-6.179076421386325,-3.1255694818790043
9915690.0,4.808910652280108,-51.28010999511933,-21.67112536612673
8085138.0,-29.56531615111695,-2.183793394481836,9.832161297288367
9244412.0,-10.880654482681303,-4.167713781757288,3.866856232316369
8770455.0,-11.368988073260116,8.42860321633688,-7.989471762788573
8778323.0,40.90065384839319,4.1497354337040235,-12.916563342275552
9651174.0,9.373503034805749,4.480310588078037,6.276252442574418
9365339.0,39.67735845663621,-73.48468512365088,15.231473090962888
8636850.0,-6.185159417320335,-63.56324479834223,18.742816059348257
9684480.0,2.155870888122025,-12.608497543390548,3.262271585671569
9048285.0,55.012082427609094,-66.55956405393938,12.231599425022065
8878259.0,-31.09539447416514,-41.45975619344728,20.648713257242814
9670967.0,-5.67739659035391,-38.70082496034998,-10.011777239929307
9313403.0,-18.227268601157157,-39.87678859817568,23.868227696728326
9887869.0,9.525236124386527,-73.74215551916261,3.1050359565777326
8454895.0,52.15960776619286,-69.23090502645721,8.755074010913493
8692370.0,34.90071946088712,-8.735387349922435,26.766906280538745
9310679.0,32.18321027546049,-55.76190453551525,11.209023883484674
9652694.0,0.7858035864880177,-64.56555544720254,4.510892267477553
9396018.0,-26.486964570888762,-60.145052190887924,0.42857706645531657
8681167.0,-33.31691907086715,-19.475437597118738,4.206660205724573
9092694.0,54.11632311536785,-79.95175280199926,-20.84189304642522
9675845.0,37.423852490125356,-41.90398839986596,15.94646634059709
9736179.0,42.393965576863806,-23.298478003398667,13.195901636996009
9026380.0,-8.595414948416254,-75.13903689699494,-27.017593885384883
14961745.0,9.262472910705299,-78.89386416926826,-13.5332563131033
8882043.0,53.721340873235604,-2.0548461303015726,3.3674011270553375
8784218.0,20.74653502420604,-51.818052942934976,-26.280509900762674
10580488.0,13.734385845546976,-78.85664934248902,-14.820405073776865
8721700.0,-2.331521294824489,13.281269263324806,-5.19532535019027
9858663.0,52.78557903127845,-14.07080576256481,10.870975361928835
9711437.0,28.206326967395363,-47.23235329062213,-22.821363696781898
9255165.0,38.30821041836471,-63.48455997257726,23.217734138129842
9148965.0,-38.836212848983976,-29.00133199586103,13.177077189737748
13727900.0,35.53154852856897,-46.9001332727422,17.72774593155279
8831031.0,5.169739034405185,-8.375874408351237,-5.505535140642699
8918814.0,-16.121916636315483,-48.80308381928219,11.934873074455952
9422456.0,51.49886848872308,-51.72645051012019,15.480053636256761
8955428.0,49.8427676474008,-18.433142666882183,-28.868490225487562
10632941.0,37.85115420418043,-3.797592152770609,1.8821113880777616
9414771.0,23.445450500992948,-34.61852956812974,-10.32652960788288
9747706.0,-37.96866071682866,-58.34889301431748,-25.091666077178957
9195988.0,-17.4515971815674,10.528621543523798,17.442167603343865
10637654.0,36.44722311420676,-5.576128547134951,2.9922143001885253
8090113.0,-31.148126853654706,1.3609568641377985,6.793333281335178
9223318.0,0.29322405781397753,1.0410239911222945,13.259374858825742
8795479.0,-29.776454023149814,-45.60758223112086,14.897007424317206
9339932.0,32.846976606446205,6.442171029494839,-10.918039133354245
9400187.0,19.4252425778091,-80.74351134071547,-12.013403309422271
8643938.0,53.06821557673835,15.94210756138511,-9.621782993837726
8883149.0,50.020890284696584,-14.090199754450644,16.06489632378745
9113324.0,43.825811798693785,1.3184026092906678,12.666588941640313
9669715.0,34.442774999454066,8.972490065635508,-17.81859962366651
9393167.0,14.372510493999942,-41.62877124693989,-0.27014481072368035
9752527.0,29.288760205211503,-15.786937429357053,-24.331535868738207
9771108.0,-30.839129397842868,-4.832344662841381,0.9130005434850363
9282800.0,37.25319783026533,-5.920877950297573,-10.733818603009048
9253693.0,6.107573640636426,-13.263240562791925,-13.134609684932308
9708149.0,-30.44421827015941,-50.58653122772668,-25.38891716823055
9032934.0,-13.287161613417599,-1.3636825163828261,1.434744041230011
9073345.0,-16.791678900758118,-9.273249396916514,-21.8072310174177
9350978.0,-10.097513435137387,-0.35651105096966007,2.0811326119065074
8650719.0,-32.36396570907967,-48.72143360899432,13.931827258890575
8689646.0,19.384977467888813,-52.78657669966536,-20.16857553117318
9430664.0,27.479130745753302,-0.2594264690157394,11.448075777906562
9709797.0,17.349112176614017,-25.306015203596793,-26.56746388185959
9717770.0,46.24725594438229,0.9335382661136864,-9.47872414229532
18208179.0,-37.55357113500337,9.022809075323206,-7.315547448370145
9334220.0,51.15489377976335,-32.00339232356309,-29.67391294719851
9296341.0,26.193909561580853,-48.551620352808214,-21.506763294906598
9382019.0,15.271494234495501,7.384437308810659,-2.014552290736761
9356872.0,5.79935279322021,-16.596554872390364,-3.2332819512506585
9674774.0,-4.8540228502679135,-53.985229237388026,8.904217036860086
8737297.0,-27.57551389017651,-56.69665075021034,-22.15272503416745
9389474.0,37.852040526900396,-72.34713985499626,2.8561735888680992
9427537.0,17.179143468665348,-55.51470815462585,-11.750820332523249
8871484.0,42.792835355311695,-58.76465966832104,-3.520626633075116
8088441.0,-29.262480732031744,-1.0977565947786114,8.702717050816746
8886522.0,-3.9860012298938203,15.823578823139014,15.680780763637454
13220029.0,13.384202211269377,-64.19307464619881,-26.504553503792806
9429066.0,45.71409366721161,9.140711611530978,8.183139485379964
9402698.0,-5.658399190228373,7.640983728367768,29.472838634423645
8253668.0,-32.51983075723761,-5.910678579972044,0.49822956584281064
9139293.0,-28.844766595663874,-64.24749190023765,16.409497212214067
8829295.0,-8.443831572019866,14.314495649950338,-12.422497449612393
10690127.0,35.14598437048393,5.58928126219204,-0.8733723901938526
9299366.0,-41.52081317434509,-67.80528489096433,8.000859438683985
8525643.0,33.55485168315766,-51.51171935313235,2.4853245913091726
9290562.0,39.91040462448407,-11.122399728719065,14.236790784394088
9208682.0,-37.921793702168564,-49.67406518617119,-27.12384518286551
9345641.0,16.92173034613668,-5.485189816387711,-3.8333027372737942
8540531.0,-33.27359904739841,-41.34437504792739,9.901417665058045
9259595.0,39.082151802606084,-22.408901769478355,23.524202662249394
8976542.0,54.06181548191197,-24.61499105910367,20.855636860722726
9352516.0,-32.79695966636397,-72.42839529735313,-20.654014285363083
8237250.0,-33.42696698140333,-4.145870296541631,2.672705190232686
8255217.0,-39.8395629483528,-9.141511615632425,0.009271411064799118
9000212.0,10.284446974033006,-20.684526704246345,6.211536459517394
8897327.0,45.360025926152936,-76.86204948775706,-1.2796445377931391
8242262.0,-35.51406802431936,-6.0380714384271466,1.0146638922527433
9358478.0,-37.56940385770997,-53.78217485578343,27.369385616360475
8847197.0,55.79894130544969,-40.479026869401174,24.72427520626729
9039181.0,42.1562556040907,-55.3373299255827,18.79349402567607
12699140.0,59.248213507095166,-12.147167682288757,-1.1330464471405373
13681352.0,51.46040418177691,-68.8890945553073,3.9270716240610213
9289264.0,34.75153418199905,-3.807199453056036,6.003970548320071
9284260.0,35.11643787690957,-57.43657600146187,16.435789737756938
8803866.0,7.639172366829314,0.5357509791839934,-11.630873116727864
12105972.0,-28.281983171360213,-4.7352137221546915,2.8177823937032853
12690764.0,59.29797392438441,-11.92766066800148,-1.7961463150570394
9088199.0,40.720555948458305,-16.139078242290875,23.152370367307746
9207429.0,16.904818307003065,-48.2955615345956,27.289858754189293
9164674.0,-2.3170064351736532,-70.20448709047041,-0.6516473115561219
9293659.0,-0.5840671623976297,2.4692693446241702,-4.356399150476146
9155184.0,51.01958038217466,10.613528290429853,-0.8227820896190656
13818895.0,-39.35426887023325,-26.38824110740722,11.57429444510656
8939368.0,-39.09371214960223,-22.3330330858399,-7.040666298889709
8677915.0,0.5106902375231805,-17.65616881751679,-23.22476921291701
9199078.0,-11.222552590887329,-9.584863587137404,16.08443426757771
9067175.0,-33.384195870868034,-47.818118928263715,-2.6263017862537694
9063625.0,-36.67479411304363,-75.47859261976829,12.275983374604357
8586727.0,32.607130130481806,-28.792361816852395,22.54359423083895
8546955.0,50.79862225511512,-39.02417287762762,-28.271961501534218
8895813.0,39.61999476471806,-42.15945421329547,-24.29619050637156
9035934.0,34.94913031169362,-44.589108419733286,-6.636779791299956
8624088.0,-27.466424334848803,-35.297421398523156,-8.42166603378768
10575287.0,12.445450188224985,-80.08602996306334,-17.69753620319141
12724544.0,55.54402470015186,-60.46244936024123,13.529914064220124
8717753.0,15.952430344736104,-34.558380348700226,6.623189580356774
9342624.0,6.217066415492526,11.823651918522573,0.1716297717453118
12707838.0,-28.93083680259625,-65.31960397671706,18.667717260458886
9191104.0,-39.40720119963932,-72.42733290958358,12.21924299640668
9046861.0,39.627864635011186,-76.72456720340827,5.822502443081052
8635517.0,-5.961529584375384,-64.16708595325117,18.147527352207568
8700633.0,13.040265912453396,-3.7675254706401424,29.369986175764623
8339150.0,23.258809102054524,-74.4579099722301,-11.305509343034192
9161416.0,36.59724278695758,-55.66555676662086,20.833786150272402
8723903.0,18.49638393717294,-17.72300574892588,-6.038201784639985
9656544.0,24.346028081716895,-1.3363741849195505,23.966831677977403
9015914.0,-11.104592538792746,-1.8778211347630052,15.13946066961552
9217776.0,-35.89255529000495,-33.51681398929156,-25.15513944504531
9320723.0,-30.173569731546177,-44.211167594636045,16.533866563495295
9174356.0,47.11688934744017,-20.665184447889,19.417586209104194
9239918.0,8.714585669618415,-40.91339449703524,12.434424162204287
9216031.0,47.98600448816032,-35.792999772671685,-23.79112399884975
8068621.0,-30.275227435212297,-1.1341723359438858,7.336662811480216
13664608.0,18.919036245450975,1.6123513444672457,-18.93216012637858
9306539.0,31.486973797018848,-79.50037169457373,-16.017875285344807
17316116.0,50.2333519377651,-79.65674603658539,-19.23131870046658
8080039.0,-31.78479415852142,-0.9742414451349785,6.457321772507958
13209568.0,-13.470717417519348,-2.7087145069759435,13.935976854731155
11525816.0,-8.050955632044232,-2.6162390870998333,16.71518400126707
8806616.0,-27.492440124219335,-50.96887285567702,20.65159921635784
8801710.0,51.76475305520176,-10.51988050615516,25.050859855988868
8889416.0,44.612479649239944,-11.007770739616259,6.62814613718488
8431198.0,39.52943696770931,-70.87628969792283,10.771548161669605
8986033.0,12.231911057097808,-5.401336608426501,20.598169501069567
9081992.0,4.573850585235001,-78.29961056337754,-16.789993507839895
9071732.0,13.055760416754119,8.034579780980026,-19.3147063905593
9162874.0,15.075778588245598,-15.793334851578757,2.9036070922407555
8873581.0,-16.507279469749776,6.319382900877562,19.80913923904234
9078222.0,55.74891221494244,-9.643004237025336,11.036557139676779
8749734.0,31.453497141565766,-10.820864667675638,-2.0491200239351457
8092294.0,-30.00290351055484,0.056759154509585574,6.111637946710762
10740680.0,32.94728721591276,-55.81512210566468,-8.776567226178852
12755177.0,-28.189069727963,17.55884168741994,10.35199733179639
8965615.0,-33.39263481876428,-47.33020026081598,-1.6491102788513432
9248510.0,-31.18916711879057,-4.347320624291415,12.686109883204189
8967474.0,38.2968950267096,-33.36625874437463,12.850316421257983
8754568.0,-27.541164937651704,-68.24624413917182,19.30130795393194
132809.0,-38.39187838646729,-9.274621986636197,0.4707715176633087
9355440.0,-33.330430347693316,18.80365369591291,23.380362837685386
9197967.0,38.51237738928495,-18.776225066969644,7.6780124091364685
8711319.0,45.050927507115176,-14.609126510121467,-29.459877960315968
8283638.0,51.8957243823569,-3.8531263239204843,11.45690047835055
8906928.0,19.216053403992795,-52.18223583322008,-26.067714331680417
8905408.0,60.163596552032445,-56.02188213302606,-16.62845881678294
8933478.0,51.87680912194719,-80.8713113181077,-17.763484941972244
8764213.0,39.22066232857736,-1.1318613493890235,2.3105303329126334
13235356.0,-39.35333578285503,-55.79216507201968,26.789937379070395
9517737.0,-33.690298859243285,-43.185838905098535,12.471040862933918
8402937.0,15.282366344438799,-76.72897676329158,-27.259461953339674
9126772.0,16.97313968165904,-28.672973160873735,3.6424238220021317
9083853.0,-30.71366771338069,-59.924812007472575,18.028596805438166
9086643.0,-22.442728292154598,-3.841126618903523,-5.783300481143774
8823158.0,-22.984311501354362,-40.34525174126729,12.926921323328575
9285917.0,11.516002850754255,-67.02827901698619,-27.12282648405398
9052812.0,25.505998190062467,8.386719027004688,0.5830178246593847
9051081.0,51.52779434158902,-74.16943559216517,24.686330720655384
8782362.0,29.297523757786127,-10.119712978413407,5.073317367937074
8982466.0,12.370903722699204,-21.06990149224441,5.202881485814926
8719658.0,-31.86997289960032,-52.2554351721536,14.128427768443593
8657695.0,-14.61484043786409,-3.173606469772809,2.6347978559398246
9121173.0,13.470578825407523,-43.64523475882582,-0.6564520006176275
9110373.0,-28.98418513597337,-50.40033547469713,18.506061540817868
8945137.0,2.904777507051421,7.422145435131659,27.43348449785791
8240700.0,-32.0255400182808,-7.642644190536093,1.0606804390097953
8894369.0,46.846697411248506,-76.09607446488181,-3.7735248516734963
8832241.0,-3.2583764432149045,-15.524490083718856,27.160757445064686
8931580.0,13.45929353262555,-61.84768566259804,-8.848555824679732
9103216.0,8.785645096956676,-72.18919816825421,-26.3133363874019
13889993.0,-26.58724301501561,-55.683179710194125,21.94903642642865
8705156.0,16.12147683363058,-77.9409718021493,-17.12002591241449
9170940.0,39.84057520985279,-78.50269756107026,12.578241967247392
9091411.0,-40.41365938162976,-75.117986488054,2.0585784750320038
8791779.0,-25.252033137210834,-59.8585163473534,24.436802008646968
8922758.0,19.303327457014536,-16.050557886885098,-5.7588257756219585
17975331.0,-38.50746012034677,-49.67945134836749,21.089082296597347
11434162.0,48.54186327409644,-37.5482841424681,-28.054145882152262
8997131.0,13.55729084090649,11.156316673168062,-12.424023333042744
8409334.0,42.15104025621932,16.116707138975393,20.034483219911365
8747774.0,-30.979934563238984,-13.32167052751973,-17.935553372942064
9005186.0,28.451069645064482,-80.44336914891072,-4.23059855215331
8946831.0,-22.043780656598905,-76.21661276665057,-22.760512521460306
8071906.0,-30.82156690299837,-1.25747684613368,6.910493762327084
9378422.0,57.26321197588694,-1.1809416008789038,16.95062117414866
17823747.0,-14.977562861708318,-22.51781459935743,-21.638662643330274
8234983.0,-38.85410060899009,-9.921585492637472,0.9812642103904881
9135991.0,18.521847329706826,0.9459748628624631,15.752165244181754
9189661.0,50.51154865010713,-58.006186705382135,10.86633448368046
9303471.0,-8.84997978500401,-9.20178741553521,13.939051552170142
13848162.0,38.83979349785871,-67.0378780720252,28.891760191491283
8860264.0,-26.426057140160378,2.0960847424261657,21.39727906160524
16802830.0,32.32575572428227,-53.5386940709434,25.45789672764001
15703381.0,35.44699135018139,-2.67383750874092,4.03088586809698
8646378.0,30.486965891426035,-16.917818995360577,0.7956996099023685
8958333.0,-32.237009290306304,11.972603390097825,-6.192068055917858
8876820.0,-29.320915776137763,-25.037253819388557,-10.150427720439497
9279688.0,-22.787935770136986,2.5055054133807615,-2.742631727251289
8970963.0,-15.734037660683061,-5.681784687115613,-4.166875685837552
8760226.0,20.097022110697825,-55.46865124734605,-13.278672958985137
8913386.0,44.66019574668477,8.676923292488505,-5.988568101289785
8709457.0,13.019794109808258,1.575947087709395,16.729336050261313
9166020.0,2.0850411434572784,-61.69072437481881,22.22139199617103
8824646.0,46.842490764955684,-16.616846209232413,8.95437929041705
9176118.0,-31.831728600540966,-44.08789736053519,29.585135177915607
8845659.0,-35.773691924350224,-20.50250320863349,-5.222996426923589
8911639.0,40.75365517162451,-33.94638406963827,-29.831584518478408
9049342.0,37.529114900343544,-31.40690479030878,-1.5823302407686288
9037350.0,46.62632211846559,-29.982806478496578,-11.963340192875492
8930053.0,26.494918537679723,-15.535346114901138,-22.866859057326696
8799478.0,21.15823553190531,-52.74326595930522,-29.361984917826984
8787255.0,3.2225921437275225,-12.814897014290207,-19.926963335386557
10627694.0,39.876658160617616,-7.434045734963683,3.71351376918152
13777291.0,15.790634730028087,-48.50703804026882,-8.916150905152737
8910129.0,22.810203302511706,-80.96409100853307,-23.237836795031686
8968984.0,31.53950310552274,-82.23353233523578,-27.152884401344046
16287110.0,33.4703844514165,-55.24332253683374,-8.470727856984631
17703230.0,53.364298755284395,-34.47071195504609,21.140717744037765
9014149.0,-13.517733117670245,-42.38911429665968,14.391671807534856
9059235.0,-40.793488441289796,-18.765150101214466,5.13353839663476
8984019.0,-9.489614048396946,14.47359519900452,5.7188015943225095
8884850.0,-38.90189166399154,-71.68839018591514,11.631406091134908
8776660.0,15.691160471486535,-64.5747688872988,22.541847329621348
18163852.0,26.98164675782444,-5.308628009273292,19.57223511664379
8425845.0,10.021911380402857,-4.0596872782738345,23.76364456459829
8429144.0,40.29878349618884,-70.54582869449654,10.81078236102394
8953149.0,-23.462562143808835,5.75811232464819,-1.0774554581915246
18342109.0,20.39380052789689,8.489040968619307,-12.357400743973315
8664337.0,47.907214089762384,-82.77058402257366,-4.719417409919862
8813149.0,41.83941753862913,-29.691094149766958,20.145678792342757
8924822.0,3.45715118005158,-27.818564460704877,-29.143205640192427
8768408.0,40.96927213907337,-59.680253805400056,18.348652937976627
8715079.0,45.703939306562326,-42.136754740187975,-27.41552822938537
17476484.0,-5.343207864656998,3.297782970397266,25.058568860998598
8520476.0,13.022337215092314,-57.20640135607353,-25.510994409278116
8908282.0,-14.191165363631361,-6.637456961000044,1.2764104457807384
18155248.0,42.724013526023086,-81.12351241463426,-20.918834107546843
11531795.0,-6.623694526149611,-2.43637199905405,17.397599976303127
8856889.0,20.498301789026215,7.912391506486488,-16.91719458766146
16715859.0,-37.70659317070167,-32.452431870205,17.626638824698833
13289127.0,-4.304518338226442,-6.710710686021798,0.6278830538353506
8995406.0,52.320536835391074,-9.932671122775702,24.02469199979837
8980187.0,39.38656121134351,-79.8267447021667,10.2914838755875
9150431.0,51.5976466990207,-11.29529286900716,-22.396951711711644
8920435.0,42.008387194358114,-56.469976649750095,17.318153995265103
9158108.0,33.5241350941784,-9.499714727493163,-0.399490029611294
9029373.0,30.810760591291782,2.462819982292059,15.033318564918243
14096271.0,-4.65889961730983,15.44657429625221,-1.3548479309730204
18181889.0,-1.8748165196422204,-71.00409628987609,-1.1636845740684327
18190489.0,-20.86235279013766,-3.149860769241377,0.8076178302024939
8758648.0,27.373185354974126,-15.801512071828778,-27.21183412217775
8960070.0,36.87449786166522,-69.10548664163989,-1.4359449674892595
8937440.0,-33.895906350608904,9.61728617955308,2.4352595537939496
14289611.0,-40.21910539167334,-52.694776020961996,19.983677861269257
8077032.0,-32.76965033848311,0.6638361849784764,8.205582408393289
12119976.0,38.8295000180523,-81.00796909786864,7.215657858714473
16272995.0,15.993293160105715,-40.05500778222508,-10.01879175864076
8837359.0,28.53173936128527,-11.603787860059548,-16.85411469101976
9125262.0,27.74996165549051,-71.78944234222277,-18.651192487883655
15811948.0,30.654320773912186,-43.45165285348946,-2.583117627614806
18375982.0,34.901641529438415,-50.229840725262015,-8.316173997435143
8855097.0,-38.31915261594548,-34.053561769182885,20.658985772098106
8772512.0,-35.38558791972061,-45.87350846363163,18.71265628929001
8935447.0,46.19861414578158,-43.180347177592466,-27.97324856069897
15611796.0,8.911123441577478,-19.42508914179766,6.981428096543785
12729821.0,-34.195521046377145,-29.98798370314709,5.949147002508735
8915064.0,-30.83043745483532,17.768066607907777,25.10171974816519
8727294.0,-7.205575082098142,-20.223503678572488,3.681771438099476
8228662.0,-40.60348681039485,-8.549373746197595,0.8727770403401389
8774241.0,-24.26784663084519,8.76178175371583,-5.666643081180259
9065059.0,-6.522553518788399,-62.894339547677404,13.482043819807227
18016380.0,-9.892772029031342,-39.337876377584394,26.07695509469426
8862669.0,41.79211329064276,-12.55390250765366,-25.68113274386549
9106483.0,31.79592131714762,-56.6609711681658,26.977107287815823
9020524.0,-19.045250155570823,-33.722594968559854,25.48565606774448
18395813.0,39.36887517877536,15.863115319594518,4.1058635473099905
17778321.0,-23.214349266174747,13.786862132077744,12.298655372738267
18391953.0,40.833345571664594,-72.38177120736239,-0.7187595569368508
14090052.0,49.52620435123973,-28.806809245600657,-1.8999557057700223
8866809.0,-26.84132106831569,-53.54326018172006,-25.163152461598074
8612765.0,-33.09716209585392,-25.19075165146224,5.19809697368153
18362210.0,53.685401750540656,-73.37426317122546,8.97148652753113
8850936.0,37.96055133176774,-39.37169592657798,16.750705573691803
18340514.0,29.95787464321858,-52.39707410162983,-13.781424464679493
8686633.0,45.36138143964108,-16.85895872853465,7.703649814413453
17483370.0,-15.116848356892099,-3.9439525249649443,2.7332456209326996
18390235.0,-9.56573176349423,-7.902663186653577,-25.939939332527157
18356559.0,19.297903551605668,-7.599490757129902,-10.075736934308868
18475202.0,35.18500121306475,18.255955800328007,29.142330056688927
15907326.0,42.07799218235064,16.81452561663668,20.077152859745464
8766570.0,14.737564488901327,13.536995265541435,-24.404590542757646
14093862.0,41.527870358470814,-20.430269024884062,14.835141032969034
8238669.0,-37.175990692940644,-6.475003737836405,-1.3886896805076485
14107961.0,48.50047973308323,-43.08523853583786,-14.840710414043958
8963515.0,-36.96046074098633,-68.11963160657066,-17.902487272571758
18426435.0,-28.896729188162993,-69.20597740769149,17.060308096244015
8448036.0,-33.598215764495194,14.314092783159863,14.322107470512451
18435214.0,27.590352032655037,-47.63443092333776,-25.533042756313733
14091999.0,45.711496449056526,7.73679775341836,-13.70862697081078
14101954.0,-1.048891829266201,-74.95513682944869,24.44004001764852
18405939.0,-2.3874917181978064,-79.56856492484802,-12.601239431886167
18106757.0,55.74072724197057,-2.219149269114888,3.751502106537987
18477103.0,49.052751063949,-72.02763850649619,4.155876481175461
18156688.0,6.5339124626177,-49.605735695184435,17.257680733072505
18308117.0,16.003050753375504,-26.886449219447307,16.09360884598077
18433097.0,12.574761932669015,-15.126519505924222,-29.875543957714292
18456840.0,-9.610013271195633,-23.61375912589629,-25.70943595904483
8299822.0,16.383434284817167,-75.49392661135343,-14.372120402054534
14105654.0,-33.92313028948019,6.127680582096391,1.896472334273097
14097767.0,29.777630239224443,6.709822206368372,-5.014045379296163
8065154.0,-29.40064523967719,-0.7777095386467985,7.096428441237055
18158079.0,5.543196446062371,-1.1155023435460116,18.61155435337855
18445256.0,1.8612332422324143,-66.5542181160985,14.052595501841427
18153798.0,9.574100819763785,14.850927154936093,14.20250718915177
17664411.0,-33.95913614177409,16.33679755096273,15.25350333154921
18478751.0,-6.822496121064738,-71.63777479662535,-3.57579325419906
8225949.0,-38.40788798349659,-9.253441222110059,-0.4015548651104419
18330736.0,-37.26442019282681,-26.15795794170532,9.957524394790392
18281743.0,-34.46219200350918,-51.76061871941417,8.806891197608438
18412317.0,0.48015456362074305,-8.042643900891006,-2.5778092680038
8729072.0,-34.770322824880886,-32.613872814761976,7.712732981345402
8414201.0,41.90067458099052,-25.493516513142072,16.35779418299023
18369502.0,7.334914948911564,-28.514003816069604,-22.184972382102497
18288550.0,27.861699627161265,-60.491263043868436,-13.26622067583814
8591424.0,5.0424694366799026,-51.444845535611194,5.106958683930442
18443372.0,56.610911373384006,-9.715992086594458,12.031509844450875
18365401.0,38.69597430044552,0.9980320371425768,0.23439401065340926
14117721.0,56.7030388286148,3.3549127927929554,-15.93847353400303
18301925.0,-36.173790881708314,-41.35315820981696,7.998790166493391
17267399.0,32.3636140473193,-29.166635713782647,22.33599653066421
18312498.0,44.85218496849727,-32.73013486690686,-10.871345729642142
18343512.0,15.412240431225205,-5.134034889862413,-10.746182287030072
10629927.0,39.1821235313156,-6.101144967915184,2.9525052894476493
12103691.0,-27.65473685546405,-3.2898288812686727,1.407433185735056
18133717.0,2.1856537499041155,-0.3466540157861671,-6.104416132811776
18447770.0,-14.615501991598824,-12.990035441090214,-27.388360818051574
18410129.0,-10.493873584598589,-10.471217254979681,13.676218983633685
18306170.0,11.789946769908562,-6.596286482786433,25.779085390656796
16647246.0,13.518704964134908,-56.50939634203743,-25.60968984882784
18335392.0,-11.662759121424191,-4.474628716153713,2.7002784262827126
18073060.0,-41.008856034715414,-27.524886027846733,12.348160766444838
8222576.0,-39.98133477934621,-8.47933316751257,0.028437143777135354
18470777.0,-6.4007062571043525,-29.415210661540986,22.277655579760268
18381162.0,40.7724091708074,18.46788868823101,23.076834599206805
13836574.0,24.217756256210997,-77.39091755760677,-10.457810115312471
18416571.0,-31.259782104473302,-62.123878311281246,19.932628724141164
18449840.0,50.298507137690706,-16.526366852556276,5.168943389116789
9573817.0,11.929613756590363,-79.34580279994938,-16.669537281636543
18440935.0,7.440078087085043,-72.90596761380934,-27.705215907053283
18326938.0,14.362193479511191,-38.34776939746157,-6.107506082266748
17635406.0,35.94307176006085,-48.91578100493642,14.986603178394386
18099217.0,18.206787345817755,12.03371533916565,-21.109068937981817
18018077.0,11.888458395272762,3.377421709888794,29.133035064769405
18333176.0,-34.09604293113624,-78.61437072920921,-12.804888048784438
17183688.0,9.875673377222034,-21.64008906625498,10.39860894270427
18185718.0,10.34063755439161,4.001711446904346,-17.515743941870063
18138348.0,58.98137193875613,-12.410184253919919,-6.68482026737761
18387573.0,53.327872772876255,-78.40327957787262,-8.707683342274347
13202231.0,-7.270916191019,-75.0147016731308,-25.5329292960167
17671105.0,-28.09626733863977,-51.17213955817551,19.76641176696667
18461283.0,14.490383646858088,-38.59951177622729,-5.124153760689706
18179568.0,50.57317006058426,-11.0500817155642,27.20763129993109
13866052.0,4.056034515654789,-15.592115441075387,-20.503317444624148
18329099.0,-22.015245807057685,-63.070244021399795,-6.52508479132593
17858355.0,15.658989322790685,-34.75022545244648,5.098252372843882
13846039.0,38.95300044986296,-65.79103910431036,28.88935567747424
18347559.0,17.740843109223803,-48.85652811713864,27.833397156385292
18115429.0,16.257724206577866,-39.404303722306494,0.4880355096121596
18468603.0,38.05948334548544,-35.37575266687798,13.042332816999203
18283363.0,-2.5098263454809224,-78.60369640048458,-28.096498592431722
10687443.0,35.68289471336872,9.619390969224277,-0.7006872665932802
8500519.0,43.951061362450574,-74.88372967613083,-0.41724406290742877
17961351.0,-12.729409507288363,-6.890625396477352,0.5490916307670464
18037032.0,-18.823725663238378,-54.00062148690181,19.738567294804042
17074706.0,42.29944706449835,-15.876851636966139,20.53381760803217
17467744.0,14.510613742092616,-5.174908493066263,-14.39039339860895
18299729.0,53.19003747433226,-9.749572978345276,22.98555788127323
18169631.0,3.324833368171843,-51.617382699023246,7.189171684572523
18463560.0,23.184447473377016,13.14792251567821,-26.493518370068596
18354748.0,-4.1256116418511155,-1.4510814615750933,-21.794754076184915
10655576.0,35.50499009738036,-2.313464580991895,3.668178935892828
18020418.0,3.7364875583395873,-1.8532735952831687,-7.6883033973125645
18379515.0,9.240171937974058,-65.87586444308506,-1.7098960650912796
18466080.0,41.242737500861146,18.367270530952183,25.429246259791682
18345326.0,-25.64043278478608,-2.8839503042863717,-3.529433993018891
17488819.0,26.589143531989993,-32.57362642453044,15.732706114300592
18058633.0,-4.435095888479953,15.451491087058297,-14.394489737017814
13992882.0,-38.00326067379301,-5.443841226859291,2.1881583214514233
17352150.0,-21.92410380273128,-41.83916720135712,4.168846632207643
18000128.0,48.16944537957267,-35.18247926427396,22.635627627422046
18167602.0,48.9767816168715,-61.73046177378783,-23.139190214788083
18046919.0,19.07229297844329,-62.38820421266836,22.474231265090552
18352116.0,0.7524814703003813,9.33934707482416,28.35896977190129
17987892.0,-36.56188442614768,-50.45199651748761,0.9304170534568965
18063592.0,-32.956439633469074,-13.241558540776696,2.878981108591797
18428672.0,19.585848078229183,4.207291363427805,7.166444675738812
17572990.0,47.67352412839578,-81.15451368551764,-2.540902813370449
18363468.0,-2.862008436997592,-19.635240838588683,-27.254368254655184
13722616.0,-34.48524149620663,-32.293583806048304,6.6860728338037205
16227462.0,14.465729682583492,-52.38688591453922,-6.75766113176644
17881980.0,1.0480070450202084,-10.824415683281185,2.219911262151253
18065714.0,3.0902261886125992,-14.42189933084115,-3.5381807987714766
18324838.0,20.538479463235383,-1.126837657296774,-18.112106597045177
17269210.0,53.13904033120524,-2.421621506681175,2.354192768202264
9479186.0,-38.22177072180242,-8.46793463047872,0.023592517007729796
18024024.0,10.832333065757924,-22.875210094950447,13.269336411539594
18041100.0,-28.67259621378169,-55.945063746910606,22.48995511543667
17860603.0,16.61039960690491,-6.806387793563233,-12.217980651505307
18174422.0,28.196626673142212,-79.85511519327402,-16.966981711536057
16027782.0,9.742481801724747,-2.3989521559395257,23.436835788978616
17213206.0,-18.87364063470112,-3.2536659282447875,2.6781003450149754
17868998.0,37.374998528970316,-54.63220410875869,-9.01900719670169
18096816.0,41.19557593246813,12.624254504507787,-25.212416677611387
17964093.0,43.13360596108863,-14.283200931027354,8.443091991141795
16630435.0,25.91619235095771,-44.85010962951935,-3.150565006457918
18393233.0,-0.3375508363022739,-14.657600982939286,-21.94724995487486
16832145.0,-3.182333251222043,6.144362195051471,-1.6955892421795578
18067708.0,58.03603682545562,-49.52798053405297,-20.139718949797317
16662840.0,33.47043639800788,-50.99131649311274,2.093729301785035
8231473.0,-36.830050820285614,-7.10600468764922,0.7712430639063603
18022139.0,-7.834127534181069,-46.29633317454097,17.981833068594128
18269025.0,-27.635604228163498,-54.95783719737793,-23.649459405741414
18337839.0,7.568134200672108,-11.176560517486779,-2.324413440914971
17830338.0,-15.566360509326687,9.520623577023734,-8.620224088879322
18149099.0,40.39675551618427,-65.47102630877141,18.430373986574264
18310327.0,-34.18304451002137,15.68624157577312,2.927039680854622
8304409.0,44.708376668612836,-17.89104582968695,17.259851857004293
17889274.0,-37.63234323505373,-8.594116524066221,-9.085857989566266
18317746.0,-7.546325364534597,-6.4829292229289575,-17.299555179644617
18279146.0,49.598673283430685,-11.286655152637767,19.768994060840278
17851301.0,-35.86242294977208,-17.282228778841393,1.5932985564483153
17995800.0,36.37107657497112,-1.6475936311287687,2.3396764915078796
15745723.0,36.282318885991316,9.214755864527358,-0.3597439583092945
17791089.0,25.63043589756784,0.6751192817220235,29.026793173007707
18112849.0,29.19843596242906,-12.644562020187703,-20.692436705772927
17527004.0,20.91285645704317,1.54401000296297,26.665937985457994
18146764.0,0.6877930297153181,-68.81936940594338,19.062479997907474
16329215.0,34.31571298575149,-16.311898277047867,29.89469928254738
9508203.0,-36.19810172557682,-45.343360986101665,14.699329787396858
18038632.0,39.517901926671605,-64.9008654835361,22.044569854650412
18171869.0,7.361151460831188,12.894485425985433,16.994900564596815
17873831.0,35.32806493707637,-8.114506888935082,10.638443808641249
18118061.0,-34.69795003836328,-21.56171291252327,4.067739764076574
14018346.0,35.708286254457306,-46.395328907554536,16.85275364098944
17752121.0,42.039324087319486,16.752907954904913,-4.097035014371415
17246198.0,3.718996610656217,-5.922995515273799,-8.679491355313939
17976052.0,50.649243876869754,-41.2638375393043,-19.490993634655794
17818557.0,-10.78776988149167,-42.06306807746884,26.29584792495909
17825367.0,14.535102562767635,-34.62834962642096,7.680932635002652
15904405.0,41.36384317496392,16.916042845660773,20.60229215675611
17715889.0,36.56582646254283,-47.04429493656639,-8.273403031619885
18074972.0,-30.045095170341373,12.828465801016257,9.76700569445817
18192271.0,20.322201066635238,-10.94672706819285,-6.757920087710043
18188055.0,-27.117972742597537,0.38876304189564675,-5.359697572235181
18048737.0,32.29605777630755,9.155930446643891,-24.109430021628818
17662154.0,34.40839493161639,-27.168910973414484,2.7811791984188585
18285455.0,14.056240232655687,-62.749666719655245,-24.066977848752664
18101297.0,20.20501750600502,-10.168176500624574,3.682682080860941
17754703.0,-33.784642842769635,-32.88900200671211,6.704735229940498
16237006.0,47.472682033634335,-73.32388542100998,-5.41049060844529
18029435.0,44.133278184163274,11.510089114708546,-13.27776343203513
18060726.0,-16.289283558853775,-40.15482531466241,25.83740535937044
16024915.0,10.240737692248121,-3.2008418186634646,23.923711098954634
17508360.0,-4.09290142998538,-57.218011287617976,10.409737140235032
17478076.0,42.65999093527064,-14.1866352998662,6.519400453981312
18143519.0,31.44203564246893,-50.64994087888378,-6.427542668438122
17772977.0,-32.141930232305526,-24.33125904793095,17.615437651688
18120450.0,49.89067419320097,-65.32582545044805,-19.677703068922575
17710821.0,9.58780569460718,-73.2118633566038,-1.5535531797602484
17339025.0,-6.404001056294214,6.408086156458574,-3.7561422345190363
17503239.0,6.358372450361397,9.152423426557341,0.4004410209088818
17001552.0,23.7303590568567,-36.44144318878168,0.9371367177415699
18303795.0,30.638016726092577,-46.122596863021904,-28.728836394906207
16167926.0,52.00574409844727,-68.53245163648297,8.802733920547768
16413980.0,53.2139198352574,-41.20946085195614,-20.447056027767456
17788554.0,-9.108431353112504,13.563228496847898,16.760685023075965
17657623.0,35.38074662281166,14.513068833426706,-18.941280982331264
8193526.0,-35.43089778487896,-7.49031494511949,0.9696006636286536
16850422.0,51.55617800962253,-39.23971233615932,-28.30876256436643
18176454.0,7.622005874523588,-16.714316628584967,12.90726808941438
17057997.0,8.191165666452283,8.707916639495908,-0.8094038402933951
17557356.0,52.26647338615643,-80.48742218134079,-19.119073503905724
17813435.0,12.037995062902567,-75.30691571025392,-6.644236326951365
17971917.0,24.4170036673155,7.820904847945647,-10.526491627801953
18104018.0,17.31254459630615,-23.17102345238589,19.106343061796004
14892360.0,-36.726817225897385,-8.750122488334377,0.05601198848310451
17310809.0,12.90398324296531,-18.466076712872905,3.325007864430141
18123021.0,35.62914634468472,-56.45188572843972,6.230137417298179
18010354.0,28.47649226481763,-48.23959909054212,-18.30795342668089
18135698.0,47.91013766795496,-73.40695589547778,-8.663709114574077
17763272.0,45.876465477227526,-34.8266614379951,21.999090274512994
17816034.0,20.484887522693374,6.648376284903716,-0.08757214581298789
17354419.0,40.7224937820153,-31.891906272627963,-28.94934232337872
17302699.0,-20.528890884412977,-5.425484772769858,-1.1246912152238426
17757340.0,-27.37850962964052,-46.82997662503513,-2.768093581985748
15700112.0,39.413676855707294,-6.979892223284593,3.285451558055514
18140481.0,49.2502223788556,-73.69617643462934,-8.141259855383035
16720414.0,-33.3009711648941,-41.89757155099539,10.123076236338614
17992291.0,-3.1514879351631304,-62.843281574262974,17.24967803990782
16515784.0,48.33879689524296,14.966637762725242,-18.39972422377774
17438871.0,-28.003558024803834,-26.32074179390946,-10.717092703348849
17884045.0,35.37600313167195,-24.377552182561473,-27.76674348650873
18266347.0,44.337916021351106,-51.53923833464639,-25.867525687239443
17410990.0,58.91684120438527,-12.192090670155576,-4.874942393343456
17713163.0,25.119218612847966,-0.19318648251577342,15.553909841267464
16928822.0,1.4186225585855698,7.490161819428154,27.119346489691626
17676397.0,39.48366055670627,8.625929760406933,-0.309328449432158
18002123.0,-28.854426976174167,-28.601457624607253,-28.158074556492764
17780225.0,41.11830186973732,3.2092165592229316,13.250652492535874
17737062.0,37.444178614876684,-43.12241447990908,-22.73072721307881
17518214.0,-25.869648412435833,-60.38493559878211,-19.417139925448758
17983454.0,3.962927772065838,16.36638678548565,-7.336178482174963
17958689.0,-25.096277239400294,-16.722126506094476,25.082402429231003
8335908.0,46.56174773376822,3.998178277437499,-19.12769961807652
17802907.0,11.97394653839188,-65.10195900734786,-7.0609413330144335
18088613.0,-13.094428029470162,2.9489704490145052,-4.742013053451416
18054058.0,-29.175366421631253,-10.974606699681505,-19.61579937807407
17707804.0,-33.217259511387795,-25.357734239431927,-22.49823032620125
18250542.0,19.077288461993383,-75.33542864840078,28.95761853080549
13672836.0,50.03723000994124,-42.75836265189304,25.777265206479832
15602668.0,29.663948919529005,-55.69331308969581,28.15414614257173
17832607.0,-26.902059971201357,13.675770120934454,-6.795160949556157
17871232.0,30.47153477473333,-10.538600817404186,-24.274078822063444
17630011.0,30.63543297212545,-81.28000592879403,-22.31543760051251
17783097.0,33.70392651317279,-0.02122118422995109,1.9430525745002354
17022392.0,11.947729462826414,8.200947515441163,-5.765480479985357
17117149.0,11.89599835692156,-40.449345102918244,1.161336639702646
18083056.0,40.91373264078144,-69.41132584312578,24.120209441420656
17539585.0,-29.540103875156742,-22.549856626384777,5.155729891978858
17627269.0,23.97701246950089,19.26769361113331,24.761419304814993
18292453.0,-20.18658732180733,-4.0850732780651775,23.315303518426877
17076840.0,40.02546560022687,-55.88992079274475,17.943246989037856
17866289.0,31.54015663821612,-12.6421050193841,24.97066718284112
21522930.0,-37.66208784166051,-10.123362766112852,0.6425281416623649
14974620.0,10.41023888795791,-79.77865395809239,-13.978289545420745
17532643.0,-23.883262853216582,-51.09544469905141,-28.07476538955164
8471322.0,15.98126972014983,-40.50118210233285,-10.238747763598571
13945982.0,-26.07023866745392,-3.1155216530479293,5.9154472122908315
17704712.0,-11.128234454545305,-42.39858003765751,25.329949790446584
17978269.0,-33.61251308473156,-17.85668895441957,3.6133908991890467
17862870.0,-11.024169166038234,-17.983241328571143,16.0054657600215
18012949.0,14.092354519786909,-69.1644160421356,-22.232788673022196
17760224.0,-24.773205668601896,-54.65876126684675,24.816951321829144
17668707.0,-17.83506390079853,-21.91690808162339,-25.301660581510976
18026173.0,-8.699277188956083,-2.2836745684484416,13.723923515458527
17570367.0,47.69179866625848,-81.99296446177945,-2.859576007888224
17749096.0,-6.069372599764799,-73.5321780841896,-27.116562858761192
8602547.0,-13.263600362500709,13.563472090997147,11.895207616886243
17805326.0,37.10907454571626,14.564938445598568,-1.0223082520310545
16899535.0,-5.1836545063343475,-72.13823952297382,6.252776756963698
17497367.0,-19.153286960172753,11.374948096343807,19.119895232074725
17180649.0,32.36072311082399,4.569454836695931,-1.1188036779085535
17839828.0,19.355229671306763,-81.19901229991234,-16.99685312586469
16699988.0,12.406899701463779,-16.420472193522187,2.7785804140342045
17795988.0,35.56300739091811,9.35649399618878,-6.213017186306491
17313321.0,-11.958390864272687,-1.076359074938259,2.6525258147548563
17746163.0,48.72477733497094,-38.7451402315544,-9.177722438158412
8166018.0,-34.4777161032445,-6.076167416385,0.28387763150551626
12720101.0,55.080200980266554,-62.49241740036095,12.890912312252079
17491005.0,-14.148199758029273,13.750990469396863,-11.024805234160745
17727432.0,26.652226369498074,-46.78472797269158,16.237940911115874
17071983.0,-11.754257025677123,-43.157341040622526,24.162267717069994
17875912.0,-4.253352795409798,-82.05157303706736,2.2441781803971406
17469551.0,20.649086105125033,-52.88683260536764,-5.093039522770276
13935855.0,-23.209172682300114,-4.054800274029541,6.8923531476806
17700008.0,54.13328840343981,-61.594969805349045,3.3833863659705905
17731119.0,60.96795293088118,-25.290769079784976,-15.322424590310181
17691609.0,-10.56460369017271,-0.4927263510973843,6.026622976734707
17045099.0,31.189219224029365,-39.998347705152845,-2.6453222248652075
17718285.0,7.395563740840551,3.56208868845225,-12.50168535808349
11515979.0,-7.549573093556823,-2.430721105670977,16.11281777585475
9498013.0,-32.85809547008269,-47.35427899948451,10.737279955159705
17765766.0,-13.201205166802692,-12.224433446479303,-14.667779025318845
16229686.0,13.957930795148517,-52.954460225098074,-6.637861521694308
15802050.0,-1.8823445596204227,-8.91731439311369,-14.092739988803498
17097594.0,33.09532072373645,-50.4424907868449,0.5607726686379966
12206164.0,30.374568546991885,-47.10507227024915,-2.8482430099612506
17548741.0,-23.75987101746098,-38.25325128599683,3.5977743527111263
16975468.0,28.074594211230075,-30.75432389424162,23.484369568807303
17500196.0,46.92467996200109,-83.1987438538059,-16.50909343533369
8511298.0,53.27541500826122,-2.947236823209348,23.562470227818732
17185905.0,46.54739395188024,-42.72490554007491,-12.730475072980761
13989414.0,-40.39140289638019,-7.517618304004482,-0.09363571522494629
16750450.0,-37.48168429702832,-36.16591564190238,24.357915415320228
17379782.0,13.682106930477758,-44.40775179416307,23.785884246869742
17280531.0,56.385129957730044,-18.37347723931158,-25.43073319321242
15809551.0,30.30184196941432,-44.345919640160915,-2.7516134681689897
17424919.0,53.04256224313884,14.325733721922616,-17.250656901096942
17263373.0,-34.684478606652156,-29.415628779077945,6.590549032310635
17636733.0,10.992277991197268,-28.792343404652033,15.509812586283523
16539731.0,2.2779071854854256,-14.121279489040829,-23.329610209439103
17304601.0,-37.90920673991869,-58.23485129654769,-5.068381030894697
17357223.0,35.53449311982442,-59.19955066903582,-5.850898737229651
17079994.0,17.62059594369517,-68.73523831028473,-14.115546517813616
8061835.0,-24.383015242595043,-1.1629600822017885,4.47951865268931
17341515.0,13.52337619743194,4.449497373256672,-29.320090580184935
17473042.0,29.575619049385693,-80.35481115548387,-26.80333513000562
17454775.0,26.65950047246442,-59.817080129576624,-13.23948858784982
17654557.0,-0.0836127722642476,-9.420490428771208,0.27389027487613227
17407791.0,24.21418704077543,-45.6511374263495,5.862696171057624
17082772.0,52.61132602854111,-36.41940094662533,25.56339703670513
16342999.0,-5.376922992768682,-3.173394807089655,18.020435510096178
17523255.0,39.49168152831084,15.695747438506837,6.273004594010457
17647765.0,12.514366591266267,-71.41597488292865,-23.336780963855205
17464778.0,-15.371125230175537,-15.62823538402089,-13.133711932607063
17545417.0,15.9166040337841,-3.2592689072413386,-9.690953865073189
15751379.0,22.637132194184744,-51.37581458666861,-17.021410036751732
17051792.0,-9.496746263203972,0.5381989029476943,1.1604880442359395
17682257.0,-37.02002812791666,-54.849562375712466,19.329142986454908
16120200.0,27.937604700003604,0.29622962349097326,9.94458786732821
17348508.0,42.55072535099915,5.7636652596255065,-27.891260496269478
17528947.0,-15.013377204307204,-30.817333656771254,28.83327251219794
17651636.0,8.437346235502991,-17.852487691315826,12.139351525963582
17535727.0,-7.60765090503501,13.821958082329774,17.951643528058277
17514527.0,2.2634549844108727,-10.354508566760897,-17.104719534081067
17542161.0,15.44759802433743,-80.02286795794569,27.40259377169399
17317486.0,6.174673661157623,12.818108051472532,-3.2888633924882327
16996938.0,-15.442750420199749,-10.89747654628851,-12.503592470180365
17596950.0,34.559350542334265,-30.489319256765533,22.242822794736583
17451597.0,53.837122526007406,-12.544856754551711,11.093177237209035
16559175.0,52.89757362024959,-71.52988474674457,8.46249527463237
16555699.0,0.10095321167752946,-11.878403112630716,-8.974677786408282
17640300.0,22.70385687610035,-5.221427202218587,-24.3860715966833
17519778.0,8.938167708131948,-57.672513905686124,16.73672873161513
8523300.0,47.38411561938597,-18.79500995227635,17.497701102383765
17283836.0,47.779764043681986,-22.25900887103443,-2.394622485605673
17086648.0,18.115086810558218,11.099044705006447,-16.056743258214965
17147638.0,16.254655129528494,-59.18485075432197,-24.012898547327207
17094055.0,22.840717904339467,-50.10102806113882,26.284381766741767
16707700.0,-22.673145707754824,15.453698388941033,12.424284844871929
17124511.0,37.196382221661594,-55.721936681001736,21.112450079920574
17128462.0,34.897267903228546,-8.432186877031457,12.14423096446773
17299381.0,45.3199377650894,-5.416987939430742,6.563153434867382
17386982.0,-26.559717048072383,-0.18172535600088247,11.938701670519963
14357285.0,-23.734115675648304,-56.28970531574429,26.0634187381391
16601616.0,-3.1171675216833314,-11.759805950094572,-1.4557300598151297
18194866.0,42.69323605390746,-58.672071082151085,16.270178489421337
17176509.0,7.662907868671928,-44.48193849400564,11.665191749672834
16680963.0,-0.7032827518045606,-54.32477085015085,7.533596481020197
17064787.0,-35.08736349127133,4.210895435923639,-7.142347532693657
17293008.0,33.14958577065031,-11.854044348833948,-6.750593424186358
17397684.0,57.56206907900268,-5.8291803327263185,18.12262861088736
16594175.0,-28.971889562430302,-64.10380614650403,19.546583917344087
17033426.0,44.34713799106526,-34.48767332990625,21.464251484001366
16123379.0,-33.274399845231535,14.760497739163926,14.64255779383798
17054448.0,15.35600908993543,-72.25114647200718,-19.9646274641458
17374403.0,-13.196675612420854,5.7149332617858395,29.604186903587973
17041188.0,36.70214271985042,-24.988756900753124,2.9012370620286294
17167735.0,20.965844857415252,1.0958007000776169,16.530911530495132
17289474.0,13.496252728467212,-52.28347700362052,-18.8620985254327
8216841.0,-38.19742002890708,-7.654907288870665,0.3532471444228924
16931057.0,50.24963317281367,-59.64477445673668,-11.097134749988665
16632265.0,26.098583947165842,-0.7756184495587628,8.90265444458392
17643578.0,-38.37813096657474,-55.42674090625628,4.086335048575085
17370974.0,45.18341690860742,11.388570666084044,17.95239623367782
16692291.0,16.476581359118587,1.8461828754880665,29.55683984210761
16623393.0,-5.282983688136596,-19.1934564781962,-28.51477588270693
17150754.0,21.778658588978313,-45.87281889397465,16.598420651010166
17189709.0,4.003239736363893,-79.79801810971499,-11.425803357403566
17366605.0,47.49056813302347,-31.356665936327495,-4.78144968846231
17428567.0,-8.926827079088579,-18.8931912040445,3.426311164844256
15597924.0,29.205587999845967,-56.441461634956596,28.09522148065941
17011393.0,-28.283926719611358,-42.5875842487496,19.259290925306885
16956976.0,52.04512301508766,-16.85878079735896,-22.67656124712119
16965346.0,22.501684623388797,-15.932145815427715,25.90433734901437
17131844.0,-10.132168568754059,-76.77394893611483,-17.95292731204068
16948258.0,47.719745471565126,-1.1463046257444045,14.154856549839
16991087.0,-21.47261502835415,-4.20927399512034,-1.0764649366545602
10672055.0,35.70437448076625,7.3029210239120586,-0.40770537783087457
14847632.0,23.199141252811454,-43.65830230878234,-2.177494201624091
16696731.0,-26.406914769118288,-52.897465109230076,-26.255093908830144
16677355.0,53.38963971117737,-14.412624399609909,8.649139394174982
17171464.0,31.564888739894435,-50.73887249844325,27.31797394281022
16001262.0,6.4131872866860355,-78.49137479320505,-12.404191829041634
16627260.0,28.05239334698811,-47.05562928005003,18.086495772820527
16373728.0,45.06881007839159,13.944198151423596,-8.256212225436947
17047719.0,13.183073971300713,3.4449016681393076,12.100498968134195
16249623.0,50.10304868559095,4.275486979370504,-7.259598234662162
16981992.0,50.89809217683765,15.484828704563435,-4.001833652310508
16731732.0,-28.618074963035742,-37.59541087983455,-18.29127708430795
17138538.0,-20.47734260376726,-61.08210727176766,-1.6658126317234032
17109600.0,31.059486856652036,-48.77089139356395,-4.395363230755686
15797866.0,35.14793745806256,-55.71096489842141,-10.173713629453523
14211587.0,14.947236360553685,-47.73559006035129,-9.375530980569726
16943855.0,17.97665579783603,-45.51638554965661,-3.004762032115135
8420654.0,-7.007360831951766,-11.176163250497643,-12.664548497991381
14390990.0,0.7607329290047095,-59.277108334853175,14.652168301229773
16636197.0,-9.18871475278382,-18.44230656734706,23.685174512916916
17323600.0,-34.90469236291146,-17.100181119610546,-8.710658045537809
16753621.0,45.30398839101897,-45.52294773074472,25.426462948217853
16745327.0,52.931530260888216,-8.846654983868802,10.58599990424647
13221593.0,19.36265927438333,-76.27279425330086,-15.422762604019479
16191775.0,49.94043905870465,5.7648324167492015,0.6777329896429642
16891181.0,56.657336325618715,-30.858499677322,22.809014521702622
16757694.0,-17.406786931572785,-66.06008578772696,27.75024646410497
8369253.0,9.352599187425945,-19.08029702002631,6.759040513311353
16935096.0,51.05843580598983,-36.073973846067126,23.8775842351199
16614950.0,-21.4355423075072,-1.1312909978981436,10.17683159570315
16573399.0,-16.800251216988205,10.781143998200948,18.529576017779874
16639750.0,38.562576075335144,-53.869273536681646,14.851454557104123
16971378.0,-30.523486225991935,-33.18390274805124,-18.568764549847177
17229909.0,52.31281607524349,-18.188119987887678,17.05488655567224
16939582.0,-33.78958303567713,11.373874960221775,-5.4947457439441445
14910181.0,-35.534742623589096,-45.17665959161415,14.567324934444592
16960168.0,-3.3868192856687838,-50.22417601635117,14.208411129667486
16668993.0,-35.4409872323836,-16.37751904975549,5.073244073306284
16952405.0,-21.85632890920411,-4.350759322508551,6.688000283928307
16643442.0,14.4701628690168,11.839688031876513,-14.101647920864387
16604516.0,30.57152500090163,-8.20837410393698,17.02869945780988
13914719.0,-25.173913222207673,-2.2385572665122417,7.650920079349311
16911817.0,58.26868587768072,-38.66559274661256,-23.705474799207963
16664982.0,57.158881663845115,-13.93221061691525,-8.920208434744067
8358441.0,13.677226299987687,-73.58979166308909,-21.585283008089526
16865320.0,8.697962035040193,5.2936009591681765,-7.966570162813245
16608247.0,15.869209359276931,-46.28119075736681,17.889774844805704
16736005.0,56.22386375525649,-4.1215272163319945,3.1005195551643534
16986868.0,50.048233450155905,-3.152691910039115,12.06510450813556
16902854.0,-14.497261774203917,-18.69503276062101,21.5281101607591
15705956.0,38.947715492387836,-6.643750417760345,3.2052133385564456
15878252.0,14.981241823058586,-76.060001961739,-26.537696235370046
16550703.0,-23.123907429511828,7.7655594074302075,25.53246287128011
17255595.0,-34.290931212824844,-28.781333917949095,5.577214309536259
16364620.0,47.789035759874245,-16.221098860520705,-28.09446748668175
16233064.0,49.510796219023106,-18.34553800826649,12.170207493418939
16116800.0,-28.82511998269878,-51.439782002938635,17.72219096103531
16852686.0,9.363321161561586,-20.56622515521521,8.4020067842435
15978821.0,42.036718708014874,-25.484520039065522,17.279848133382707
16673538.0,0.9128390760562507,-61.61362390394275,14.747624210759412
16710871.0,11.536093898648906,15.756957527477596,10.618258332232763
16845587.0,30.454641178350073,-27.520142904544887,-11.610965085839965
16510725.0,46.80258591424795,-44.33213809329678,25.74031548599492
16390784.0,-11.31650752881579,12.891483164764653,-11.681285448634757
14066926.0,54.3364091872325,-35.5984975565206,24.472703671936237
16126634.0,30.236133782577188,-50.06619182202577,4.791261463107188
13921561.0,-23.045215922791513,-1.046649550152972,6.944803415185668
14957973.0,-35.47529846160248,-45.784902936265645,14.615875309869125
16653665.0,-7.003304923095309,3.1772218032848327,0.5446069334700114
8364907.0,26.447579827047186,-10.338754582113339,-17.658157041197363
16561331.0,36.35540252466661,-17.559592630838797,27.02788699285444
16727954.0,37.369879864645746,-38.97965890234206,14.746313901905022
16394337.0,-36.30937703794325,-15.253587815413404,-6.740317281740058
16403899.0,52.36292816171357,-0.009655026695573499,15.162279490608146
16530723.0,45.3549437674982,13.320609327785986,-24.025479670170977
16146147.0,36.34563973888711,-70.19633555003163,-20.886848965114464
16433030.0,36.91069804461969,-59.230780777664975,22.753651014212437
16657911.0,22.63840094344532,-33.072085884840796,22.661089384814392
16447238.0,-21.217238501893164,-62.22339274046289,-3.377754662019572
19182762.0,22.00160623308609,-51.43119465496617,-17.34425718763429
16437978.0,14.149967236965908,-71.64663352289003,-19.86130868144133
16454620.0,-39.23453278947268,-6.00876266350242,3.460085340918039
16684540.0,44.43025293999045,-35.2735813959709,23.372338317126278
14805238.0,46.06853838827132,-57.05829186111355,14.078657730408247
16791967.0,-26.942504214333766,-4.366898675437712,2.6651127547824522
16462661.0,-31.321492242361803,-27.751573831923107,-13.620605661546836
16281215.0,22.566047234994436,-51.501351033765026,-19.823771415731308
16916061.0,8.922094645702899,4.509701264846651,28.919718865404988
14042157.0,33.77165603912805,-6.27458219077924,-0.972686525994114
14761477.0,-0.3685675912074523,-51.038393089014335,16.129345135359024
16090542.0,38.483469629485455,-23.626155544202888,22.840410886792547
16409437.0,17.070745552893587,-34.36714184551915,-14.099022296843224
16568583.0,22.463956613604754,-46.68569272251538,-2.95551028738058
14841935.0,21.901884714699385,-43.501027490607164,-1.8712409755668844
14757930.0,-0.39720892740924807,-49.937360527033476,16.626748812961473
16583347.0,56.217267135045894,-32.55343283372954,23.33008208151991
17932704.0,51.86674597716353,-26.70314803315853,-26.01340080112545
16451642.0,-1.5174664289190756,-62.69221989822796,16.46308074185093
16477549.0,-16.150026910290276,13.661610066049562,-10.944794667651852
16494873.0,22.18903618774126,-51.218168677772034,-21.769587206336453
15984134.0,43.05225434440186,-22.611754253414855,13.220399870858845
16169303.0,-37.6192113177934,-7.041101773743975,-5.134502334158498
15295234.0,47.31176867611409,14.254417904334886,-21.820454611743507
16578044.0,-33.897854187548745,10.36259721310988,-1.0094541165323112
16238798.0,-38.05869761546063,-30.977110036440497,-17.590339480898766
16525983.0,-1.1601423505165394,-0.03168363934837992,14.230122128376621
15635733.0,-8.713327022128054,-14.333307440995972,-18.43488647844028
16701964.0,50.96905881400023,-28.897332652633676,0.33699258092979
16482629.0,-30.32083945856236,1.1767226787286347,10.857833152133672
16262528.0,50.1098299287976,-84.10740639440797,-11.75688215685671
16257031.0,-33.02217073292166,5.91406220916347,5.016741104723548
15846480.0,-23.0619153950768,-50.83809913814208,-29.19529810188474
16135805.0,12.569583409410164,-75.00060582256108,-8.433368605915923
16424325.0,21.446441013210418,17.30164077123639,19.863765965271536
12648880.0,-36.578985896290064,-22.089879744110306,9.479555121964925
16173790.0,57.85256203625192,-24.793110737825202,-15.441900038130855
15973150.0,-24.065412556808315,-77.41828351316808,-25.286469634314116
14618436.0,39.27839872130232,-66.8072841336296,29.190347107427293
15358401.0,46.64700240966935,3.643395162692573,-18.60780037823394
14809907.0,47.17950266286819,-57.228653488431725,13.583398465768044
9512114.0,-33.40936083209767,-46.02499740097888,9.193476829115511
16179868.0,-9.43966221514162,-50.89206112009655,11.817484766423782
16204628.0,27.433188211094574,-50.80387593642083,26.245730176125114
16199414.0,35.2360252746824,-16.920627856608103,28.28693480371593
15070188.0,15.855875845433589,-74.83667798084826,-14.94637810564611
16376965.0,-36.95460069607311,7.085103608119134,-4.373406203341785
14837489.0,51.49819000559863,-4.409089245316223,11.648530575006932
15829794.0,20.22717831490631,-83.47554474277186,-17.2316658018529
15917118.0,-1.067756823961203,-20.769010541455362,2.855579129624886
16012583.0,9.863889586481465,8.531910455489271,-16.164530967630004
15641198.0,15.175772651590567,-41.936272952860215,0.39625363926847346
15381418.0,22.580407175857744,-74.12754931254035,-12.232865626100674
15518507.0,5.128030003397228,-11.041446314886056,-14.836084697451327
15835146.0,57.821804250886856,-6.45235108606202,12.57174111375744
15940996.0,40.37144720480085,-77.31969339534137,25.77554004202138
15673374.0,37.812957654602116,-5.579138722734572,1.97743061213527
16030140.0,32.79854189487844,7.039316796235916,-29.455226636994453
15996483.0,-4.442757956842012,12.279909757812765,-5.884617311468494
15656318.0,47.619413604436,-0.9637030814761433,12.538895141226398
15667567.0,55.42522560228795,-8.295200127484637,19.96440959810649
16106438.0,24.7702086485813,-49.330594560657005,25.59109127375527
16056372.0,49.921874484666866,-1.9649730512513777,0.5154303876150772
18223769.0,27.179473224189916,6.856986056315347,-6.2211755740604895
15484683.0,14.203976233418,9.074235863627495,-9.99031227086627
16018178.0,-35.05135909814652,-21.361038462986855,2.8315497038602557
15890726.0,20.307591245736464,8.133194742762226,-15.562674816453494
14195766.0,-34.86074347447363,-24.89737055940187,4.233009212099067
15490693.0,38.811764735987005,19.246670473313685,27.097748546461617
15934507.0,16.71529309402791,-3.3290953238861016,-15.338234143333633
15921054.0,36.77433493810584,-51.69590628876405,12.26206226769954
16036384.0,-17.79335463035102,-23.32132046452523,7.676470442206865
15927500.0,-6.462516964160636,-59.43147522191426,5.84272658836
13938865.0,-29.335670095153887,-0.1260670219132134,8.770767184618542
15084443.0,44.772327784815765,-16.805089546270352,16.975657191494165
15542000.0,53.411520619863616,-22.037596720612786,-28.367652131377486
15437986.0,52.17583879788258,-77.78770174987373,-21.244789015621294
16062295.0,34.018817002761814,14.086128155008348,-18.052729420527125
15507373.0,8.231224632954172,15.20502326379589,13.416843297887814
15614725.0,33.67502392019159,-81.46388542935681,1.8611273328828748
15662113.0,-40.26372332288303,7.428951289151084,-7.036148866023762
15946709.0,-39.56810301851956,-58.92937290196677,-5.850216837501446
15522089.0,39.726007922544156,-25.364630512132027,10.859370063175326
15424769.0,35.92694323632802,5.176120012096353,4.31367064196
14916080.0,-32.589818459901146,-46.06625181673287,10.817892208539226
15465663.0,15.674213813139929,-37.19929441483579,3.402833383050802
16150066.0,14.265305619860067,14.371239723508868,-28.22844020053376
15418092.0,55.016250728099656,10.318538925640217,21.94226280877648
15569345.0,44.882535862464614,-78.17789454678879,3.672630324540533
15871638.0,-20.654891479343693,-6.681022052812894,-4.581418771932823
15953506.0,-35.22082989793062,-26.005076473331563,-6.990376858698033
15554596.0,22.438249381561956,-72.62476552082869,-13.699332479073389
15386755.0,52.63174184262794,-19.334121092617295,-25.124164715028034
17603613.0,-24.82118623703364,-8.9307372283095,-19.790198772304667
17906045.0,56.75669124769872,-7.896959043385437,11.352381193193601
15528598.0,-12.947870753816748,-77.1747184373758,-13.930099657994592
16072005.0,-12.375592465483507,-11.474618284954854,-25.67502013223994
15214259.0,45.254208501705754,-0.17827235814090991,-6.7078532657914725
15227041.0,37.97414748422122,-73.68343830044113,0.6756933269761074
15305909.0,14.950477166522031,7.1323667612291635,-27.66978835434104
15501298.0,24.50357447525873,-32.55913403448872,22.225114871232414
15336992.0,1.2954382035937788,-81.17560326513147,-9.211075865482467
15172289.0,30.96953475287165,-48.641189673747945,27.789738965930212
14681035.0,3.7094311293317768,-15.86847883860645,-20.725500724063714
15282186.0,32.327554535525415,-73.56296914978344,-21.46599452750533
15410274.0,23.150811646192277,-0.14591030712483177,17.986285071962293
15207475.0,12.93008003974765,8.89556204734684,-16.889704631944806
15350631.0,21.059408334290335,-43.269412471010725,-15.963647727883512
15451067.0,32.213335660284876,-29.01059443645878,24.156861994156635
14384640.0,1.1474570471966974,-60.10850039512718,14.622100446018926
14715402.0,20.953645316476088,-56.66043464829163,-13.134787635321494
14188900.0,-35.480308861686694,-23.509445267342148,4.065827413915041
15782709.0,23.13446333231076,-50.63483949673241,-16.471014275218888
15402076.0,41.512419865683576,-78.51450533537911,3.915476564919974
14949191.0,-33.31419169669326,-44.63654031429546,9.96470680348502
15328474.0,-16.956762600940827,-3.1606267951565727,6.256893773001909
15561789.0,39.024982020571386,-76.39297166523728,2.7824473069037357
14642197.0,19.94117300802694,1.9870130759221825,27.81531079521887
15322027.0,-31.2024489098061,7.382574391212514,8.752984090034534
15189924.0,-6.254524218653551,10.674406304787901,-7.917954116470725
15056753.0,-39.222037266468995,-3.761685265632652,-5.0847381109722205
15151456.0,34.17904940611324,-53.32859596637599,-0.44483756131077534
17618661.0,-39.062095762429195,-58.4811880199525,26.20007475942916
14967953.0,12.345386190247511,-79.94285058532529,-17.307749289025807
15242252.0,-28.136907911901655,-21.073911674165995,4.76055861742372
15134529.0,36.60787565988937,-64.8361538003511,-2.5562520282856713
15367781.0,54.064687963145005,-23.658081555651542,-29.885522915176995
15265736.0,16.442446865513052,-45.555066630451,23.948131489773786
15110222.0,39.8319038716108,-77.4799019977213,13.979109358384619
14793104.0,-26.98024744558577,-54.52840613536441,22.72682665006048
14059470.0,54.00214238990149,-36.39876138201529,24.75816904071271
15076082.0,6.206045247356743,-15.582736641444894,4.535920908484755
15125933.0,-22.870587895433772,-5.07171391266029,-0.9657524938133758
15038751.0,-36.57381991342274,-59.77307439223563,24.72547051177746
14349778.0,-23.384435339195505,-57.278159103819675,26.911642720381224
16291700.0,16.810007667799578,8.918893401051639,-22.391351950569174
14471018.0,-39.65881607776775,-26.58648693801728,11.485822257172574
14822490.0,-34.34435701747462,-27.186866685019307,1.7306632406371625
14648182.0,32.31361704965581,-35.2671368199447,-1.3452478795128098
15393779.0,-37.407121233548466,-2.6584413641703146,4.7688820412345905
15157618.0,-27.48334558229962,1.8712067992160606,14.010670760320185
14815347.0,40.68286546741638,-79.35388161591555,26.350656585788627
15250310.0,-10.299660259227318,11.216574135931468,20.201018280498626
15197400.0,-9.490843262573845,14.145697747237945,15.339066889828791
14720586.0,-36.20708714403186,-13.74275215967507,0.02731463110245924
15274006.0,-19.151512682848296,-55.30694117350623,4.973694755315256
15371869.0,-1.5539417410844214,-7.224910543670483,-1.3858074918664274
14728143.0,40.904423628270344,-36.12019479815451,19.23565889968113
15028758.0,25.805515129870628,-32.57901660070013,18.728746503262784
14552943.0,24.393180179291754,-78.02198208175733,-11.059697308514485
14851690.0,37.01383080274191,-52.61773914918988,20.139782728396618
14202038.0,15.460039441884668,-49.18191305891413,-7.973861462469732
14515322.0,42.563748769337266,12.029061136338775,-27.93840870226151
15018060.0,39.36421792046888,15.70112159283646,-1.3272742864790708
15046949.0,-18.447598689690878,-22.567644006069937,-29.695593894477764
18215143.0,26.450517732799273,7.211292246706652,-7.134770821606034
17559548.0,47.888127045484325,-81.5638177662787,-0.47805474301222084
15091775.0,61.20021257745581,-82.21393957619918,-26.22063573751476
10606631.0,9.204760878089425,-78.96936733347744,-13.570262566324972
14545425.0,37.60148259905511,8.811768877258952,4.558217938149145
14706696.0,43.00768423115944,-33.8495642241447,20.799734582010636
14623009.0,13.88460787969407,-59.7155969101178,-8.62062006870897
14281807.0,-3.978443466505016,10.18060764585583,-3.6666609345624384
14632181.0,-7.927541145501225,-64.63167866680435,19.83709954664551
14687755.0,4.869892881715859,-42.371665841635945,23.707593202847587
13787627.0,-40.23734567191863,-52.59770373994628,20.13162231930328
14747624.0,-10.322747919454415,9.661961214076653,-8.673897020374074
14696152.0,31.28342476024877,-46.79108330518677,-19.552001170714078
14143266.0,-8.571428116303958,-5.407986591909863,2.3082193986665467
14427787.0,-24.817476156583915,-47.279943471664694,9.716494152508494
14032065.0,34.259106394022325,-5.422442208826417,-0.5652833993543269
14476589.0,38.7522763275451,12.481947222609584,3.958303913772001
15691065.0,36.50312244208904,-3.8069513698104767,3.444029580061306
14498363.0,1.7424580009622854,-2.777608737645712,-6.064846145085304
14534193.0,20.25976066849623,-69.73734643569315,-11.875547645781278
14607788.0,41.22672361776318,2.5310769993687607,0.17913767355824284
14318127.0,-24.500100375091137,1.1175143481574144,14.171734289655058
16331602.0,-6.575769332247518,-3.612532518220709,17.71326535224427
14449268.0,28.328538034797933,-10.454919048374597,-4.459281806296687
17217407.0,19.1335954081405,-41.6486429938619,-1.175131397704682
17951737.0,42.55957340222183,-57.1793043506148,16.275627935984186
14570467.0,43.86467734162303,12.530995456178275,17.84464329361142
14007136.0,35.75827317850118,-47.31474273569642,18.622340000946792
13995968.0,-34.69961963427504,-32.713065654944764,6.4097763603666085
14459774.0,4.870189644652939,8.162477085885925,1.2330063058583414
17923941.0,51.569569444156066,-27.63166223497901,-25.10072406768018
14308492.0,44.50090433932139,-15.408067254457169,19.79256514007785
14371825.0,-13.689062638105586,-3.275059919671001,7.22853946792183
18240265.0,18.532915978822516,-76.42980515537401,28.803431581161753
14338941.0,-0.1674828645701414,10.581163303138014,29.566878658481144
14254227.0,40.692193166810966,-21.7311826967003,4.948484142932534
14120121.0,11.27908840945976,-70.29938336201393,-25.55092448825625
14175623.0,-2.936803695382399,-54.42264516219401,8.26937514051723
14295497.0,39.88700697621605,-71.81489840776786,23.87705560952898
18253969.0,45.107735240552245,-52.887475729414945,-25.842967187748556
14266206.0,50.730707579487984,-15.229429568652245,9.891300924611524
14021166.0,-39.382305713155795,-54.42622696100078,28.31378357401126
14359555.0,6.696718743972828,-72.4952405525425,2.1952597018637903
14895219.0,-32.25919904863971,-43.815075409295886,10.747072518704563
14395656.0,9.341405078331583,-47.09341873632636,2.8358807977548914
14071650.0,-5.763702542001123,-11.041595023833748,-0.5971112535826679
18197884.0,13.559587278108964,8.093241651272916,-8.038728563903241
14047308.0,37.28032316384314,-37.850649712710904,18.638160072296365
13709940.0,-37.61618288991259,9.005693686343728,-7.182983027400718
19943795.0,-39.0380891233651,-56.66144358336151,27.031803060281362
19507561.0,48.23624897892943,-82.13200436242101,-1.6507171101043934
19879650.0,-25.247125853366697,-8.938481068593267,-20.711529979276794
13954080.0,-37.429674803647636,-5.188851400639908,3.2812398780156453
17891604.0,57.294564348726375,-9.766785628476518,11.000085181468364
20742139.0,44.81815450952665,-48.134393172859255,-26.764106923466606
20809089.0,15.611533468048167,-26.632209244632335,4.399186751358692
20782069.0,48.98729232018732,-15.81501685614947,-25.43235875510926
20519792.0,49.65241768368915,-43.067299829927684,25.755879624293506
20695120.0,-38.44077770690791,-24.146643875163623,9.724020138950372
20474648.0,19.05074193188908,2.087928904635136,-19.38354118921975
20755891.0,-26.700330150116542,2.1136275408029532,17.09211580330531
20640562.0,51.07556587558615,-68.12683813683462,4.498949821664676
20724974.0,22.71582709100785,0.8170218115829032,14.830737512851671
20670328.0,8.570532118020434,11.484753681296683,15.750252812464767
13965937.0,-35.783825801212586,-6.286708954458543,-1.5348490402350696
19915811.0,19.016764136051695,-76.41758458389204,-15.448426498927073
20374370.0,17.905435595467534,7.359146128813997,-1.14743831158282
21924776.0,37.59807565769448,-4.757785228596575,2.409518879516231
19975482.0,15.43283068481494,-85.17526894361305,-29.648461446976356
20359746.0,55.18508497753597,-16.937000354839853,-2.8209162872277638
20440705.0,33.68315452787046,-4.942157996748635,8.303181855354127
20324217.0,35.34822849149429,-60.457827750300545,-4.334514965151824
20456943.0,32.06641992015746,-20.126042770201213,1.954554620191558
20504299.0,21.237751004400753,-54.70985093694353,-14.780967510025748
20339744.0,26.84436959114433,-79.37226404369791,-10.062926165099832
16300532.0,-27.44177867872163,-4.607190152085286,-1.2464154842670594
20487147.0,40.65976143490436,-9.439755698846,-20.850427587056192
20294915.0,27.579801328655773,-17.373304511132286,-25.532322440784334
20242622.0,-3.7039377679117687,-6.887958369919912,0.6170215508889417
13892597.0,-27.758512864610555,-2.9501365368621633,6.682828220619383
15710022.0,36.15298823400795,8.324035162060152,-0.4650653148990025
20069907.0,19.274242938577494,-37.6696715500659,0.8310661162235808
20025452.0,38.029617329612734,-17.083729454365734,25.87001744427561
20259285.0,-23.899608848344545,-3.073142784474804,0.9444719575312877
19845188.0,-7.102579456144536,-74.81418217391081,-25.717665148342043
19402356.0,-35.03372330641936,-29.23650020769703,5.296006760187611
19862362.0,-13.834860570221606,-2.587720863841678,14.0371831871672
19556664.0,34.568682206497826,-30.149310122948613,21.99651797604639
19891778.0,13.697074185388024,-65.63592623732738,-25.84453897557458
19380933.0,55.113755061427604,-61.53935893856267,13.151340527094733
19446999.0,45.83482924711642,-36.55527969747524,-13.79485256594662
19054213.0,17.73788425312412,-40.978925299945196,-0.11277393269032387
19316801.0,59.345397495693476,-11.816934059258896,-1.752440079006977
19488333.0,-28.732960927570296,17.36905771313247,10.249432833462942
19419623.0,27.81181812536653,-53.094202096213245,-12.853978058132004
19104573.0,-37.03445647621776,-21.95052716695414,8.41608176963998
19462909.0,44.846989763623625,-21.48712325945417,1.8438176717678614
19299051.0,3.889736464859385,-6.060473467974982,-8.748081815727714
19354333.0,33.586988482994826,-28.11861571578081,1.610885299911387
18996097.0,30.451029745000582,-46.451398398661745,-3.010775529565773
18873062.0,-1.6027354249248091,-75.30127672910707,-29.201654033906124
19128180.0,36.3320649449549,-32.17648037428194,20.411536995665294
19076567.0,53.49025670811325,-17.664215165247523,16.794777471287162
19331310.0,-29.038910888490864,-66.49407216523483,19.721780291005018
25995504.0,35.458883700117,-50.27710166841589,20.425559956592544
19151262.0,22.87755124326027,0.09463926105947174,20.65206136702904
19020657.0,46.26706044200446,-39.171494208498856,-12.095910893665852
19215048.0,19.668656383474072,-50.63749488037954,-16.66951136031084
18927203.0,-19.272962945486114,-3.426777940964591,3.4293396795864766
18893254.0,9.412816810511117,-69.71116565074176,-28.074665170531958
18816265.0,42.47664059538385,-19.297833539274123,6.635034664532748
18961507.0,44.70210137174148,-0.2501312408637735,-1.5010931417586297
18758771.0,-3.104484497816254,6.003211734484912,-1.8266734083134364
20823325.0,-7.354912056250503,-2.5084578925114887,16.5335431962854
18644987.0,32.15585069424361,-53.32221228755223,25.795636504532432
18680976.0,13.92697042178726,-47.25934877269993,-3.960634645745281
21019892.0,-27.488594532083457,-4.360361250572762,2.384455534834019
20532195.0,-28.510755632744708,-4.648226586362812,-2.2205384165632482
18601017.0,38.75457379954289,-80.2508208760748,8.07571844495752
21059563.0,39.530767284611535,-67.18937856633383,24.513580800432294
18544429.0,-38.81121251220522,-8.424054940672304,0.32727391822834306
18481115.0,-26.024717305515065,-3.4667072852863807,6.004206697240408
20163969.0,15.77071996082319,11.08772722907509,-24.381168146504848
19634930.0,33.15338781651991,-55.15875798604206,-8.882980090844729
19701410.0,47.12738383096437,-38.532673401953396,-28.085281100487137
10705995.0,22.37249571715486,-51.3322864141756,-16.981175675744865
14978116.0,37.27140998978476,-5.1598838491468335,2.1490595095529286
21986362.0,35.53941610791483,7.036658447914127,-0.13340536964610994
21109761.0,-23.77335599990627,-1.8204230329445559,6.762126915832546
21242351.0,-30.80461613117484,-0.2395826657568112,7.238404606567542
21573587.0,-32.87905516777304,-46.10939933345398,11.461497688519962
21730536.0,13.511444736790786,-79.5059166428695,-14.984287393096222
21379522.0,-35.425773525842935,-6.760399321038333,0.10829272435864379
